# File generated by CMD 3.9 (http://stev.oapd.inaf.it/cmd) on Sun Jun  7 20:18:38 UTC 2026
# isochrones based on PARSEC release v1.2S +  COLIBRI S_37 + S_35 + PR16
# Basic references: Bressan et al. (2012), MNRAS, 427, 127 + Chen et al. (2014, 2015), MNRAS, 444, 2525 + MNRAS, 452, 1068 + Tang et al. (2014), MNRAS, 445, 4287 + Marigo et al. (2017), ApJ, 835, 77 + Pastorelli al. (2019), MNRAS, 485, 5666 + Pastorelli al. (2020), MNRAS, in press
# Thermal pulse cycles included 
# On RGB, assumed Reimers mass loss with efficiency eta=0.2
# LPV periods and growth rates added cf. Trabucchi et al. (2019)
# but fundamental-mode LPV periods + transition are from Trabucchi et al. (2021)
# Photometric system: HST/ACS WFC - updated filters and zeropoints, 2021
# Using YBC version of bolometric corrections as in Chen et al. (2019)
# O-rich circumstellar dpmod60alox40 dust from Groenewegen (2006)
# C-rich circumstellar AMCSIC15 dust from Groenewegen (2006)
# IMF: Kroupa (2001, 2002) + Kroupa et al. (2013) canonical two-part-power law IMF corrected for unresolved binaries 
# Kind of output: isochrone tables
# Zini     MH   logAge Mini        int_IMF         Mass   logL    logTe  logg  label   McoreTP C_O  period0  period1  period2  period3  period4  pmode  Mloss  tau1m   X   Y   Xc  Xn  Xo  Cexcess  Z 	 mbolmag  F435Wmag  F475Wmag  F555Wmag  F606Wmag  F625Wmag  F775Wmag  F814Wmag
0.00049103 -1.50000 10.07918 0.0900000036 1.0816895926    0.090 -3.183  3.4750  5.427    1  0.000  0.545     0.00     0.00     0.00     0.00     0.00 -1 -5.32e-17      0.00 7.480e-01 2.515e-01 8.884e-05 2.397e-05 2.174e-04 -1.000 4.941e-04 12.727 17.449 16.509 15.518 14.646 14.267 12.315 12.075
0.00049103 -1.50000 10.07918 0.0951624960 1.1293774164    0.095 -3.030  3.4969  5.386    1  0.000  0.545     0.00     0.00     0.00     0.00     0.00 -1 -7.73e-17      0.00 7.471e-01 2.524e-01 8.884e-05 2.397e-05 2.174e-04 -1.000 4.941e-04 12.344 16.460 15.637 14.604 13.861 13.484 11.877 11.675
0.00049103 -1.50000 10.07918 0.1000000015 1.1711064122    0.100 -2.893  3.5163  5.349    1  0.000  0.545     0.00     0.00     0.00     0.00     0.00 -1 -1.08e-16      0.00 7.462e-01 2.533e-01 8.884e-05 2.397e-05 2.174e-04 -1.000 4.941e-04 12.004 15.652 14.911 13.896 13.224 12.849 11.498 11.323
0.00049103 -1.50000 10.07918 0.1199999973 1.3193154249    0.120 -2.608  3.5474  5.266    1  0.000  0.545     0.00     0.00     0.00     0.00     0.00 -1 -2.08e-16      0.00 7.436e-01 2.559e-01 8.884e-05 2.397e-05 2.174e-04 -1.000 4.940e-04 11.289 14.288 13.653 12.745 12.130 11.764 10.733 10.591
0.00049103 -1.50000 10.07918 0.1400000006 1.4384526719    0.140 -2.426  3.5627  5.213    1  0.000  0.545     0.00     0.00     0.00     0.00     0.00 -1 -3.12e-16      0.00 7.416e-01 2.579e-01 8.884e-05 2.397e-05 2.174e-04 -1.000 4.941e-04 10.835 13.554 12.964 12.119 11.526 11.168 10.259 10.131
0.00049103 -1.50000 10.07918 0.1599999964 1.5372931554    0.160 -2.284  3.5729  5.170    1  0.000  0.545     0.00     0.00     0.00     0.00     0.00 -1 -4.25e-16      0.00 7.402e-01 2.593e-01 8.884e-05 2.397e-05 2.174e-04 -1.000 4.941e-04 10.480 13.027 12.464 11.661 11.085 10.733 9.893 9.773
0.00049103 -1.50000 10.07918 0.2000000179 1.6938791367    0.200 -2.062  3.5862  5.098    1  0.000  0.545     0.00     0.00     0.00     0.00     0.00 -1 -6.88e-16      0.00 7.391e-01 2.605e-01 8.884e-05 2.397e-05 2.174e-04 -1.000 4.942e-04 9.926 12.266 11.734 10.984 10.438 10.098 9.327 9.215
0.00049103 -1.50000 10.07918 0.2500000000 1.8403257998    0.250 -1.859  3.5973  5.036    1  0.000  0.545     0.00     0.00     0.00     0.00     0.00 -1  -5.2e-16      0.00 7.390e-01 2.605e-01 8.883e-05 2.397e-05 2.174e-04 -1.000 4.941e-04 9.416 11.594 11.087 10.379 9.862 9.534 8.808 8.702
0.00049103 -1.50000 10.07918 0.3000000417 1.9529140366    0.300 -1.703  3.6058  4.993    1  0.000  0.545     0.00     0.00     0.00     0.00     0.00 -1 -1.45e-15      0.00 7.392e-01 2.603e-01 8.882e-05 2.397e-05 2.174e-04 -1.000 4.941e-04 9.028 11.088 10.600 9.921 9.427 9.109 8.412 8.311
0.00049103 -1.50000 10.07918 0.3204100132 1.9920695556    0.320 -1.650  3.6089  4.981    1  0.000  0.545     0.00     0.00     0.00     0.00     0.00 -1 -1.61e-15      0.00 7.392e-01 2.603e-01 8.880e-05 2.397e-05 2.174e-04 -1.000 4.941e-04 8.895 10.913 10.431 9.762 9.277 8.962 8.276 8.176
0.00049103 -1.50000 10.07918 0.3499999940 2.0434174644    0.350 -1.578  3.6131  4.964    1  0.000  0.545     0.00     0.00     0.00     0.00     0.00 -1 -1.85e-15      0.00 7.392e-01 2.603e-01 8.879e-05 2.397e-05 2.174e-04 -1.000 4.941e-04 8.714 10.678 10.206 9.550 9.076 8.765 8.092 7.995
0.00049103 -1.50000 10.07918 0.3961759806 2.1132007700    0.396 -1.445  3.6236  4.927    1  0.000  0.545     0.00     0.00     0.00     0.00     0.00 -1 -2.47e-15      0.00 7.495e-01 2.500e-01 8.884e-05 2.397e-05 2.174e-04 -1.000 4.942e-04 8.383 10.215 9.763 9.140 8.693 8.394 7.753 7.661
0.00049103 -1.50000 10.07918 0.4000000060 2.1185024399    0.400 -1.435  3.6244  4.924    1  0.000  0.545     0.00     0.00     0.00     0.00     0.00 -1 -2.52e-15      0.00 7.503e-01 2.492e-01 8.884e-05 2.397e-05 2.174e-04 -1.000 4.942e-04 8.357 10.179 9.728 9.108 8.663 8.366 7.727 7.635
0.00049103 -1.50000 10.07918 0.4110078812 2.1334032367    0.411 -1.395  3.6288  4.913    1  0.000  0.545     0.00     0.00     0.00     0.00     0.00 -1 -2.76e-15      0.00 7.503e-01 2.492e-01 8.884e-05 2.397e-05 2.174e-04 -1.000 4.941e-04 8.256 10.025 9.583 8.976 8.542 8.250 7.624 7.534
0.00049103 -1.50000 10.07918 0.4500000179 2.1822809362    0.450 -1.260  3.6432  4.876    1  0.000  0.545     0.00     0.00     0.00     0.00     0.00 -1 -3.75e-15      0.00 7.504e-01 2.491e-01 8.884e-05 2.397e-05 2.174e-04 -1.000 4.941e-04 7.921 9.521 9.106 8.540 8.142 7.867 7.281 7.198
0.00049103 -1.50000 10.07918 0.5000000000 2.2374541529    0.500 -1.064  3.6693  4.830    1  0.000  0.545     0.00     0.00     0.00     0.00     0.00 -1 -5.89e-15      0.00 7.504e-01 2.491e-01 8.884e-05 2.397e-05 2.174e-04 -1.000 4.941e-04 7.431 8.752 8.384 7.885 7.547 7.302 6.783 6.712
0.00049103 -1.50000 10.07918 0.5500000715 2.2836583126    0.550 -0.850  3.6942  4.757    1  0.000  0.544     0.00     0.00     0.00     0.00     0.00 -1    -1e-14      0.00 7.849e-01 2.147e-01 7.737e-05 2.089e-05 1.895e-04 -1.000 3.968e-04 6.894 7.995 7.665 7.223 6.932 6.715 6.248 6.186
0.00049103 -1.50000 10.07918 0.6000000238 2.3211213258    0.600 -0.640  3.7220  4.696    1  0.000  0.544     0.00     0.00     0.00     0.00     0.00 -1 -1.67e-14      0.00 7.957e-01 2.039e-01 7.395e-05 1.998e-05 1.814e-04 -1.000 3.949e-04 6.370 7.277 6.993 6.603 6.353 6.160 5.741 5.688
0.00049103 -1.50000 10.07918 0.6111643314 2.3285294814    0.611 -0.591  3.7289  4.683    1  0.000  0.543     0.00     0.00     0.00     0.00     0.00 -1 -1.87e-14      0.00 7.985e-01 2.011e-01 7.306e-05 1.973e-05 1.792e-04 -1.000 3.953e-04 6.248 7.111 6.839 6.463 6.222 6.034 5.627 5.576
0.00049103 -1.50000 10.07918 0.6223423481 2.3356413400    0.622 -0.542  3.7358  4.669    1  0.000  0.543     0.00     0.00     0.00     0.00     0.00 -1 -2.11e-14      0.00 8.014e-01 1.982e-01 7.213e-05 1.949e-05 1.770e-04 -1.000 3.957e-04 6.125 6.949 6.689 6.325 6.092 5.909 5.513 5.464
0.00049103 -1.50000 10.07918 0.6331586242 2.3422488529    0.633 -0.494  3.7424  4.655    1  0.000  0.543     0.00     0.00     0.00     0.00     0.00 -1 -2.38e-14      0.00 8.044e-01 1.952e-01 7.120e-05 1.924e-05 1.748e-04 -1.000 3.958e-04 6.005 6.793 6.544 6.192 5.967 5.789 5.403 5.356
0.00049103 -1.50000 10.07918 0.6432126164 2.3481620754    0.643 -0.449  3.7483  4.641    1  0.000  0.543     0.00     0.00     0.00     0.00     0.00 -1    -2e-16      0.00 8.073e-01 1.923e-01 7.030e-05 1.900e-05 1.726e-04 -1.000 3.956e-04 5.893 6.650 6.411 6.070 5.851 5.678 5.302 5.256
0.00049103 -1.50000 10.07918 0.6499999762 2.3520353107    0.650 -0.419  3.7523  4.631    1  0.000  0.543     0.00     0.00     0.00     0.00     0.00 -1 -2.87e-14      0.00 8.093e-01 1.903e-01 6.966e-05 1.884e-05 1.711e-04 -1.000 3.955e-04 5.817 6.553 6.321 5.987 5.773 5.604 5.234 5.189
0.00049103 -1.50000 10.07918 0.6590402722 2.3570519822    0.659 -0.378  3.7572  4.615    1  0.000  0.542     0.00     0.00     0.00     0.00     0.00 -1 -3.19e-14      0.00 8.126e-01 1.870e-01 6.862e-05 1.856e-05 1.686e-04 -1.000 3.960e-04 5.714 6.425 6.202 5.877 5.670 5.504 5.143 5.099
0.00049103 -1.50000 10.07918 0.6711241603 2.3635154931    0.671 -0.322  3.7635  4.593    1  0.000  0.542     0.00     0.00     0.00     0.00     0.00 -1 -3.68e-14      0.00 8.173e-01 1.823e-01 6.714e-05 1.816e-05 1.651e-04 -1.000 3.951e-04 5.575 6.255 6.043 5.730 5.530 5.369 5.018 4.977
0.00049103 -1.50000 10.07918 0.6822245121 2.3692214712    0.682 -0.270  3.7692  4.570    1  0.000  0.542     0.00     0.00     0.00     0.00     0.00 -1 -4.21e-14      0.00 8.219e-01 1.777e-01 6.569e-05 1.778e-05 1.616e-04 -1.000 3.832e-04 5.444 6.098 5.896 5.593 5.400 5.243 4.901 4.861
0.00049103 -1.50000 10.07918 0.6928078532 2.3744663364    0.693 -0.218  3.7746  4.547    1  0.000  0.541     0.00     0.00     0.00     0.00     0.00 -1 -4.74e-14      0.00 8.266e-01 1.731e-01 6.422e-05 1.739e-05 1.581e-04 -1.000 3.107e-04 5.315 5.946 5.753 5.460 5.272 5.120 4.786 4.748
0.00049103 -1.50000 10.07918 0.6999999881 2.3779266974    0.700 -0.182  3.7781  4.529    1  0.000  0.541     0.00     0.00     0.00     0.00     0.00 -1 -5.35e-14      0.00 8.299e-01 1.698e-01 6.317e-05 1.711e-05 1.556e-04 -1.000 2.973e-04 5.225 5.840 5.653 5.367 5.183 5.033 4.706 4.668
0.00049103 -1.50000 10.07918 0.7033693790 2.3795198512    0.703 -0.165  3.7797  4.521    1  0.000  0.541     0.00     0.00     0.00     0.00     0.00 -1  -5.6e-14      0.00 8.319e-01 1.678e-01 6.251e-05 1.694e-05 1.542e-04 -1.000 2.979e-04 5.182 5.791 5.606 5.323 5.141 4.992 4.667 4.630
0.00049103 -1.50000 10.07918 0.7130144238 2.3839847565    0.713 -0.114  3.7841  4.494    1  0.000  0.539     0.00     0.00     0.00     0.00     0.00 -1 -6.46e-14      0.00 8.375e-01 1.622e-01 6.062e-05 1.648e-05 1.500e-04 -1.000 2.974e-04 5.055 5.645 5.467 5.192 5.015 4.870 4.552 4.516
0.00049103 -1.50000 10.07918 0.7214795947 2.3877905609    0.721 -0.067  3.7880  4.467    1  0.000  0.537     0.00     0.00     0.00     0.00     0.00 -1 -7.37e-14      0.00 8.424e-01 1.573e-01 5.901e-05 1.608e-05 1.465e-04 -1.000 2.972e-04 4.938 5.512 5.340 5.072 4.899 4.757 4.446 4.411
0.00049103 -1.50000 10.07918 0.7298372984 2.3914486200    0.729 -0.019  3.7916  4.438    1  0.000  0.535     0.00     0.00     0.00     0.00     0.00 -1 -8.47e-14      0.00 8.470e-01 1.526e-01 5.750e-05 1.571e-05 1.433e-04 -1.000 3.296e-04 4.816 5.376 5.209 4.947 4.778 4.639 4.334 4.300
0.00049103 -1.50000 10.07918 0.7370149493 2.3945141498    0.737  0.025  3.7946  4.410    1  0.000  0.533     0.00     0.00     0.00     0.00     0.00 -1 -9.61e-14      0.00 8.509e-01 1.488e-01 5.629e-05 1.542e-05 1.407e-04 -1.000 3.209e-04 4.707 5.253 5.091 4.835 4.669 4.532 4.232 4.199
0.00049103 -1.50000 10.07918 0.7439681292 2.3974190356    0.743  0.070  3.7974  4.381    1  0.000  0.532     0.00     0.00     0.00     0.00     0.00 -1 -8.32e-15      0.00 8.545e-01 1.452e-01 5.521e-05 1.516e-05 1.384e-04 -1.000 3.019e-04 4.595 5.130 4.971 4.720 4.558 4.423 4.127 4.095
0.00049103 -1.50000 10.07918 0.7500000000 2.3998889087    0.749  0.111  3.7997  4.353    1  0.000  0.531     0.00     0.00     0.00     0.00     0.00 -1 -1.24e-13      0.00 8.574e-01 1.423e-01 5.435e-05 1.495e-05 1.365e-04 -1.000 2.980e-04 4.493 5.018 4.863 4.616 4.456 4.323 4.031 4.000
0.00049103 -1.50000 10.07918 0.7557942867 2.4022188546    0.755  0.152  3.8019  4.324    1  0.000  0.530     0.00     0.00     0.00     0.00     0.00 -1  -1.4e-13      0.00 8.588e-01 1.409e-01 5.414e-05 1.490e-05 1.361e-04 -1.000 2.978e-04 4.390 4.905 4.753 4.511 4.353 4.222 3.934 3.903
0.00049103 -1.50000 10.07918 0.7623471618 2.4048048199    0.762  0.201  3.8042  4.287    1  0.000  0.530     0.00     0.00     0.00     0.00     0.00 -1 -1.63e-13      0.00 8.602e-01 1.395e-01 5.393e-05 1.484e-05 1.357e-04 -1.000 2.960e-04 4.267 4.771 4.623 4.384 4.229 4.100 3.816 3.786
0.00049103 -1.50000 10.07918 0.7683432102 2.4071266550    0.767  0.250  3.8060  4.249    1  0.000  0.529     0.00     0.00     0.00     0.00     0.00 -1  -1.9e-13      0.00 8.613e-01 1.384e-01 5.379e-05 1.481e-05 1.355e-04 -1.000 3.154e-04 4.145 4.641 4.495 4.260 4.107 3.979 3.699 3.669
0.00049103 -1.50000 10.07918 0.7739286423 2.4092523088    0.773  0.298  3.8072  4.209    1  0.000  0.529     0.00     0.00     0.00     0.00     0.00 -1 -2.21e-13      0.00 8.611e-01 1.385e-01 5.402e-05 1.488e-05 1.361e-04 -1.000 3.375e-04 4.024 4.514 4.369 4.137 3.985 3.859 3.581 3.551
0.00049103 -1.50000 10.07918 0.7777552605 2.4106883593    0.777  0.333  3.8078  4.179    1  0.000  0.529     0.00     0.00     0.00     0.00     0.00 -1 -2.48e-13      0.00 8.607e-01 1.389e-01 5.425e-05 1.494e-05 1.367e-04 -1.000 3.512e-04 3.938 4.423 4.280 4.049 3.898 3.772 3.495 3.466
0.00049103 -1.50000 10.07918 0.7792152762 2.4112319998    0.778  0.347  3.8077  4.164    1  0.000  0.529     0.00     0.00     0.00     0.00     0.00 -1 -2.61e-13      0.00 8.605e-01 1.391e-01 5.435e-05 1.497e-05 1.369e-04 -1.000 3.540e-04 3.901 4.386 4.243 4.012 3.861 3.735 3.458 3.429
0.00049103 -1.50000 10.07918 0.7848982811 2.4133259529    0.784  0.408  3.8064  4.101    1  0.000  0.529     0.00     0.00     0.00     0.00     0.00 -1  -3.2e-13      0.00 8.598e-01 1.398e-01 5.473e-05 1.508e-05 1.379e-04 -1.000 3.651e-04 3.750 4.236 4.092 3.860 3.708 3.582 3.303 3.273
0.00049103 -1.50000 10.07918 0.7892271280 2.4148977071    0.788  0.462  3.8032  4.038    1  0.000  0.529     0.00     0.00     0.00     0.00     0.00 -1 -3.88e-13      0.00 8.593e-01 1.404e-01 5.503e-05 1.516e-05 1.387e-04 -1.000 3.735e-04 3.616 4.111 3.964 3.727 3.573 3.445 3.162 3.131
0.00049103 -1.50000 10.07918 0.7899657488 2.4151639141    0.789  0.472  3.8023  4.025    1  0.000  0.529     0.00     0.00     0.00     0.00     0.00 -1 -4.06e-13      0.00 8.592e-01 1.405e-01 5.508e-05 1.517e-05 1.388e-04 -1.000 3.748e-04 3.591 4.089 3.940 3.703 3.548 3.419 3.135 3.104
0.00049103 -1.50000 10.07918 0.7906665206 2.4154159512    0.789  0.482  3.8012  4.010    1  0.000  0.529     0.00     0.00     0.00     0.00     0.00 -1 -4.23e-13      0.00 8.591e-01 1.406e-01 5.512e-05 1.518e-05 1.389e-04 -1.000 3.762e-04 3.564 4.066 3.917 3.677 3.521 3.391 3.105 3.074
0.00049103 -1.50000 10.07918 0.7930153608 2.4162569921    0.792  0.519  3.7964  3.955    2  0.000  0.529     0.00     0.00     0.00     0.00     0.00 -1 -4.88e-13      0.00 8.588e-01 1.408e-01 5.528e-05 1.523e-05 1.393e-04 -1.000 3.807e-04 3.472 3.989 3.834 3.588 3.428 3.294 3.001 2.969
0.00049103 -1.50000 10.07918 0.7948045731 2.4168938146    0.793  0.552  3.7908  3.901    2  0.000  0.529     0.00     0.00     0.00     0.00     0.00 -1 -5.57e-13      0.00 8.583e-01 1.414e-01 5.551e-05 1.529e-05 1.399e-04 -1.000 3.842e-04 3.391 3.929 3.768 3.513 3.347 3.210 2.908 2.874
0.00049103 -1.50000 10.07918 0.7962012291 2.4173886304    0.795  0.580  3.7839  3.845    2  0.000  0.529     0.00     0.00     0.00     0.00     0.00 -1 -6.36e-13      0.00 8.566e-01 1.430e-01 5.610e-05 1.545e-05 1.414e-04 -1.000 3.869e-04 3.319 3.884 3.713 3.448 3.274 3.132 2.819 2.784
0.00049103 -1.50000 10.07918 0.7973241806 2.4177850310    0.796  0.605  3.7770  3.793    2  0.000  0.530     0.00     0.00     0.00     0.00     0.00 -1 -7.14e-13      0.00 8.407e-01 1.589e-01 6.116e-05 1.683e-05 1.538e-04 -1.000 3.892e-04 3.257 3.850 3.670 3.393 3.213 3.066 2.742 2.704
0.00049103 -1.50000 10.07918 0.7982642651 2.4181158937    0.797  0.628  3.7700  3.743    2  0.000  0.532     0.00     0.00     0.00     0.00     0.00 -1 -7.97e-13      0.00 8.189e-01 1.807e-01 6.775e-05 1.861e-05 1.697e-04 -1.000 3.938e-04 3.200 3.824 3.634 3.345 3.158 3.005 2.670 2.631
0.00049103 -1.50000 10.07918 0.7990920544 2.4184064929    0.797  0.651  3.7630  3.693    2  0.000  0.534     0.00     0.00     0.00     0.00     0.00 -1 -5.72e-13      0.00 8.001e-01 1.995e-01 7.323e-05 2.007e-05 1.828e-04 -1.000 3.991e-04 3.143 3.799 3.598 3.297 3.102 2.945 2.599 2.558
0.00049103 -1.50000 10.07918 0.7998251319 2.4186632657    0.798  0.676  3.7566  3.643    2  0.000  0.535     0.00     0.00     0.00     0.00     0.00 -1  -8.7e-13      0.00 7.867e-01 2.129e-01 7.705e-05 2.110e-05 1.920e-04 -1.000 4.143e-04 3.080 3.767 3.557 3.245 3.043 2.881 2.524 2.481
0.00049103 -1.50000 10.07918 0.8000000119 2.4187244405    0.798  0.683  3.7551  3.629    2  0.000  0.535     0.00     0.00     0.00     0.00     0.00 -1 -1.03e-12      0.00 7.844e-01 2.152e-01 7.771e-05 2.127e-05 1.935e-04 -1.000 4.221e-04 3.062 3.756 3.544 3.229 3.025 2.862 2.504 2.460
0.00049103 -1.50000 10.07918 0.8003829718 2.4188582962    0.799  0.699  3.7518  3.600    2  0.000  0.536     0.00     0.00     0.00     0.00     0.00 -1  -1.1e-12      0.00 7.793e-01 2.203e-01 7.915e-05 2.166e-05 1.970e-04 -1.000 4.397e-04 3.022 3.733 3.515 3.195 2.988 2.822 2.458 2.413
0.00049103 -1.50000 10.07918 0.8009545803 2.4190578164    0.799  0.731  3.7473  3.551    2  0.000  0.536     0.00     0.00     0.00     0.00     0.00 -1 -1.26e-12      0.00 7.741e-01 2.254e-01 8.060e-05 2.204e-05 2.005e-04 -1.000 4.572e-04 2.944 3.678 3.453 3.125 2.913 2.744 2.373 2.327
0.00049103 -1.50000 10.07918 0.8015202880 2.4192549547    0.800  0.768  3.7436  3.499    2  0.000  0.536     0.00     0.00     0.00     0.00     0.00 -1 -1.46e-12      0.00 7.705e-01 2.291e-01 8.161e-05 2.231e-05 2.028e-04 -1.000 3.961e-04 2.849 3.602 3.372 3.037 2.821 2.650 2.272 2.225
0.00049103 -1.50000 10.07918 0.8017036915 2.4193187986    0.800  0.783  3.7427  3.480    2  0.000  0.536     0.00     0.00     0.00     0.00     0.00 -1 -1.54e-12      0.00 7.696e-01 2.300e-01 8.185e-05 2.237e-05 2.034e-04 -1.000 4.273e-04 2.812 3.570 3.338 3.002 2.785 2.613 2.234 2.187
0.00049103 -1.50000 10.07918 0.8021959066 2.4194899760    0.800  0.824  3.7402  3.430    3  0.000  0.537     0.00     0.00     0.00     0.00     0.00 -1 -1.79e-12      0.00 7.671e-01 2.324e-01 8.244e-05 2.253e-05 2.049e-04 -1.000 4.850e-04 2.710 3.480 3.245 2.905 2.685 2.512 2.129 2.081
0.00049103 -1.50000 10.07918 0.8027341962 2.4196769002    0.801  0.873  3.7379  3.372    3  0.000  0.537     0.00     0.00     0.00     0.00     0.00 -1 -2.13e-12      0.00 7.647e-01 2.348e-01 8.297e-05 2.267e-05 2.061e-04 -1.000 4.471e-04 2.588 3.371 3.132 2.788 2.566 2.392 2.005 1.956
0.00049103 -1.50000 10.07918 0.8031912446 2.4198353868    0.801  0.917  3.7361  3.321    3  0.000  0.537     0.00     0.00     0.00     0.00     0.00 -1 -2.51e-12      0.00 7.628e-01 2.367e-01 8.333e-05 2.277e-05 2.070e-04 -1.000 4.462e-04 2.477 3.269 3.027 2.680 2.457 2.281 1.891 1.842
0.00049103 -1.50000 10.07918 0.8036280274 2.4199866524    0.802  0.963  3.7344  3.268    3  0.000  0.537     0.00     0.00     0.00     0.00     0.00 -1 -2.96e-12      0.00 7.610e-01 2.385e-01 8.362e-05 2.286e-05 2.077e-04 -1.000 4.941e-04 2.362 3.164 2.919 2.570 2.344 2.167 1.775 1.725
0.00049103 -1.50000 10.07918 0.8040716052 2.4201400778    0.802  1.013  3.7328  3.212    3  0.000  0.537     0.00     0.00     0.00     0.00     0.00 -1 -3.55e-12      0.00 7.592e-01 2.403e-01 8.387e-05 2.293e-05 2.084e-04 -1.000 4.912e-04 2.237 3.047 2.800 2.448 2.221 2.043 1.649 1.598
0.00049103 -1.50000 10.07918 0.8044793606 2.4202809413    0.802  1.063  3.7312  3.156    3  0.000  0.536     0.00     0.00     0.00     0.00     0.00 -1 -4.24e-12      0.00 7.576e-01 2.420e-01 8.402e-05 2.300e-05 2.089e-04 -1.000 4.843e-04 2.113 2.931 2.682 2.327 2.099 1.920 1.523 1.472
0.00049103 -1.50000 10.07918 0.8048453331 2.4204072306    0.803  1.111  3.7297  3.102    3  0.000  0.536     0.00     0.00     0.00     0.00     0.00 -1 -5.04e-12      0.00 7.561e-01 2.435e-01 8.407e-05 2.308e-05 2.093e-04 -1.000 4.561e-04 1.992 2.819 2.567 2.210 1.980 1.801 1.401 1.350
0.00049103 -1.50000 10.07918 0.8051653504 2.4205175536    0.803  1.157  3.7283  3.051    3  0.000  0.535     0.00     0.00     0.00     0.00     0.00 -1 -5.93e-12      0.00 7.547e-01 2.448e-01 8.403e-05 2.317e-05 2.096e-04 -1.000 4.387e-04 1.878 2.712 2.459 2.100 1.869 1.688 1.286 1.235
0.00049103 -1.50000 10.07918 0.8054770827 2.4206249235    0.803  1.205  3.7269  2.997    3  0.000  0.533     0.00     0.00     0.00     0.00     0.00 -1 -7.06e-12      0.00 7.534e-01 2.461e-01 8.389e-05 2.331e-05 2.098e-04 -1.000 4.914e-04 1.756 2.599 2.343 1.982 1.749 1.568 1.164 1.112
0.00049103 -1.50000 10.07918 0.8057761192 2.4207278308    0.803  1.256  3.7252  2.939    3  0.000  0.531     0.00     0.00     0.00     0.00     0.00 -1 -8.48e-12      0.00 7.523e-01 2.472e-01 8.365e-05 2.352e-05 2.100e-04 -1.000 4.611e-04 1.629 2.481 2.223 1.859 1.624 1.442 1.036 0.983
0.00049103 -1.50000 10.07918 0.8060268760 2.4208140559    0.803  1.303  3.7238  2.887    3  0.000  0.529     0.00     0.00     0.00     0.00     0.00 -1    -1e-11      0.00 7.515e-01 2.481e-01 8.339e-05 2.375e-05 2.102e-04 -1.000 4.340e-04 1.513 2.373 2.112 1.746 1.510 1.327 0.918 0.865
0.00049103 -1.50000 10.07918 0.8062555790 2.4208926439    0.803  1.349  3.7223  2.835    3  0.000  0.527     0.00     0.00     0.00     0.00     0.00 -1 -1.19e-11      0.00 7.508e-01 2.487e-01 8.312e-05 2.401e-05 2.103e-04 -1.000 4.932e-04 1.397 2.267 2.003 1.634 1.397 1.212 0.801 0.748
0.00049103 -1.50000 10.07918 0.8064706922 2.4209665153    0.803  1.396  3.7207  2.781    3  0.000  0.525     0.00     0.00     0.00     0.00     0.00 -1  -1.4e-11      0.00 7.502e-01 2.493e-01 8.285e-05 2.428e-05 2.105e-04 -1.000 4.902e-04 1.279 2.158 1.892 1.520 1.281 1.096 0.682 0.628
0.00049103 -1.50000 10.07918 0.8066608310 2.4210317726    0.804  1.442  3.7191  2.730    3  0.000  0.524     0.00     0.00     0.00     0.00     0.00 -1 -1.66e-11      0.00 7.499e-01 2.497e-01 8.265e-05 2.449e-05 2.105e-04 -1.000 4.883e-04 1.166 2.054 1.786 1.411 1.170 0.984 0.567 0.513
0.00049103 -1.50000 10.07918 0.8068416119 2.4210937853    0.804  1.489  3.7174  2.676    3  0.000  0.522     0.00     0.00     0.00     0.00     0.00 -1 -1.97e-11      0.00 7.496e-01 2.499e-01 8.249e-05 2.466e-05 2.106e-04 -1.000 4.911e-04 1.047 1.947 1.675 1.297 1.055 0.867 0.448 0.393
0.00049103 -1.50000 10.07918 0.8070010543 2.4211484519    0.803  1.535  3.7157  2.623    3  0.000  0.522     0.00     0.00     0.00     0.00     0.00 -1 -2.32e-11      0.00 7.494e-01 2.501e-01 8.239e-05 2.477e-05 2.106e-04 -1.000 4.941e-04 0.933 1.844 1.569 1.188 0.944 0.755 0.333 0.277
0.00049103 -1.50000 10.07918 0.8071429133 2.4211970690    0.803  1.579  3.7140  2.572    3  0.000  0.521     0.00     0.00     0.00     0.00     0.00 -1 -2.72e-11      0.00 7.493e-01 2.502e-01 8.234e-05 2.483e-05 2.106e-04 -1.000 4.941e-04 0.823 1.744 1.466 1.082 0.837 0.647 0.222 0.165
0.00049103 -1.50000 10.07918 0.8072780371 2.4212433594    0.803  1.625  3.7123  2.519    3  0.000  0.521     0.00     0.00     0.00     0.00     0.00 -1 -3.22e-11      0.00 7.492e-01 2.503e-01 8.232e-05 2.486e-05 2.106e-04 -1.000 4.941e-04 0.708 1.641 1.360 0.973 0.725 0.534 0.106 0.049
0.00049103 -1.50000 10.07918 0.8074004054 2.4212852648    0.803  1.670  3.7105  2.467    3  0.000  0.521     0.00     0.00     0.00     0.00     0.00 -1 -3.79e-11      0.00 7.492e-01 2.503e-01 8.231e-05 2.487e-05 2.106e-04 -1.000 4.940e-04 0.595 1.541 1.256 0.865 0.615 0.423 -0.008 -0.066
0.00049103 -1.50000 10.07918 0.8075081706 2.4213221572    0.803  1.713  3.7087  2.416    3  0.000  0.521     0.00     0.00     0.00     0.00     0.00 -1 -4.44e-11      0.00 7.492e-01 2.503e-01 8.231e-05 2.488e-05 2.106e-04 -1.000 4.941e-04 0.487 1.445 1.156 0.762 0.509 0.316 -0.118 -0.176
0.00049103 -1.50000 10.07918 0.8076071143 2.4213560197    0.803  1.756  3.7069  2.366    3  0.000  0.521     0.00     0.00     0.00     0.00     0.00 -1 -5.19e-11      0.00 7.492e-01 2.503e-01 8.230e-05 2.489e-05 2.106e-04 -1.000 4.941e-04 0.379 1.350 1.058 0.659 0.405 0.210 -0.227 -0.286
0.00049103 -1.50000 10.07918 0.8077028394 2.4213887716    0.803  1.801  3.7050  2.313    3  0.000  0.521     0.00     0.00     0.00     0.00     0.00 -1 -6.13e-11      0.00 7.492e-01 2.503e-01 8.230e-05 2.489e-05 2.106e-04 -1.000 4.940e-04 0.267 1.253 0.956 0.553 0.296 0.099 -0.341 -0.401
0.00049103 -1.50000 10.07918 0.8077867031 2.4214174578    0.803  1.844  3.7032  2.263    3  0.000  0.521     0.00     0.00     0.00     0.00     0.00 -1 -7.16e-11      0.00 7.492e-01 2.503e-01 8.229e-05 2.490e-05 2.106e-04 -1.000 4.941e-04 0.160 1.160 0.859 0.452 0.192 -0.005 -0.449 -0.509
0.00049103 -1.50000 10.07918 0.8078638315 2.4214438341    0.802  1.886  3.7013  2.213    3  0.000  0.521     0.00     0.00     0.00     0.00     0.00 -1 -8.36e-11      0.00 7.492e-01 2.503e-01 8.229e-05 2.490e-05 2.106e-04 -1.000 4.940e-04 0.055 1.069 0.764 0.352 0.091 -0.109 -0.556 -0.616
0.00049103 -1.50000 10.07918 0.8079368472 2.4214687986    0.802  1.929  3.6994  2.163    3  0.000  0.521     0.00     0.00     0.00     0.00     0.00 -1 -9.77e-11      0.00 7.492e-01 2.503e-01 8.228e-05 2.491e-05 2.106e-04 -1.000 4.941e-04 -0.052 0.978 0.668 0.252 -0.012 -0.213 -0.664 -0.725
0.00049103 -1.50000 10.07918 0.8080011010 2.4214907631    0.802  1.968  3.6975  2.116    3  0.000  0.521     0.00     0.00     0.00     0.00     0.00 -1 -1.13e-10      0.00 7.492e-01 2.503e-01 8.228e-05 2.491e-05 2.106e-04 -1.000 4.941e-04 -0.151 0.894 0.580 0.160 -0.107 -0.309 -0.764 -0.826
0.00049103 -1.50000 10.07918 0.8080629706 2.4215119088    0.802  2.006  3.6958  2.071    3  0.000  0.521     0.00     0.00     0.00     0.00     0.00 -1  -1.3e-10      0.00 7.492e-01 2.503e-01 8.228e-05 2.492e-05 2.106e-04 -1.000 4.941e-04 -0.246 0.815 0.496 0.071 -0.198 -0.402 -0.859 -0.922
0.00049103 -1.50000 10.07918 0.8081272244 2.4215338653    0.801  2.041  3.6941  2.029    3  0.000  0.521     0.00     0.00     0.00     0.00     0.00 -1 -1.48e-10      0.00 7.492e-01 2.503e-01 8.227e-05 2.492e-05 2.106e-04 -1.000 4.941e-04 -0.332 0.743 0.420 -0.009 -0.280 -0.485 -0.946 -1.009
0.00049103 -1.50000 10.07918 0.8081846237 2.4215534762    0.801  2.066  3.6930  2.000    3  0.000  0.521     0.00     0.00     0.00     0.00     0.00 -1 -1.62e-10      0.00 7.492e-01 2.503e-01 8.227e-05 2.493e-05 2.106e-04 -1.000 4.941e-04 -0.394 0.690 0.365 -0.067 -0.340 -0.546 -1.008 -1.072
0.00049103 -1.50000 10.07918 0.8082301617 2.4215690323    0.800  2.051  3.6940  2.018    3  0.000  0.521     0.00     0.00     0.00     0.00     0.00 -1 -1.55e-10      0.00 7.492e-01 2.503e-01 8.227e-05 2.493e-05 2.106e-04 -1.000 4.941e-04 -0.358 0.718 0.395 -0.034 -0.306 -0.511 -0.972 -1.035
0.00049103 -1.50000 10.07918 0.8082362413 2.4215711090    0.800  2.049  3.6941  2.021    3  0.000  0.521     0.00     0.00     0.00     0.00     0.00 -1 -1.54e-10      0.00 7.492e-01 2.503e-01 8.227e-05 2.493e-05 2.106e-04 -1.000 4.941e-04 -0.353 0.721 0.399 -0.030 -0.301 -0.506 -0.967 -1.030
0.00049103 -1.50000 10.07918 0.8082674742 2.4215817771    0.800  2.075  3.6929  1.989    3  0.000  0.521     0.00     0.00     0.00     0.00     0.00 -1 -1.68e-10      0.00 7.492e-01 2.503e-01 8.227e-05 2.493e-05 2.106e-04 -1.000 4.941e-04 -0.419 0.667 0.341 -0.091 -0.364 -0.570 -1.033 -1.097
0.00049103 -1.50000 10.07918 0.8083149791 2.4215980012    0.800  2.118  3.6908  1.938    3  0.000  0.521     0.00     0.00     0.00     0.00     0.00 -1 -1.96e-10      0.00 7.492e-01 2.503e-01 8.226e-05 2.494e-05 2.106e-04 -1.000 4.940e-04 -0.524 0.581 0.249 -0.188 -0.464 -0.672 -1.139 -1.204
0.00049103 -1.50000 10.07918 0.8083592057 2.4216131038    0.799  2.160  3.6886  1.887    3  0.000  0.521     0.00     0.00     0.00     0.00     0.00 -1 -2.29e-10      0.00 7.492e-01 2.504e-01 8.226e-05 2.494e-05 2.106e-04 -1.000 4.941e-04 -0.629 0.497 0.159 -0.284 -0.564 -0.774 -1.245 -1.310
0.00049103 -1.50000 10.07918 0.8083999753 2.4216270241    0.799  2.202  3.6865  1.837    3  0.000  0.521     0.00     0.00     0.00     0.00     0.00 -1 -2.67e-10      0.00 7.491e-01 2.504e-01 8.226e-05 2.494e-05 2.106e-04 -1.000 4.941e-04 -0.734 0.413 0.069 -0.380 -0.663 -0.874 -1.350 -1.416
0.00049103 -1.50000 10.07918 0.8084357977 2.4216392540    0.798  2.242  3.6842  1.788    3  0.000  0.521     0.00     0.00     0.00     0.00     0.00 -1 -3.11e-10      0.00 7.491e-01 2.504e-01 8.226e-05 2.494e-05 2.106e-04 -1.000 4.941e-04 -0.834 0.339 -0.014 -0.471 -0.757 -0.971 -1.451 -1.517
0.00049103 -1.50000 10.07918 0.8084706664 2.4216511571    0.798  2.283  3.6821  1.737    3  0.000  0.521     0.00     0.00     0.00     0.00     0.00 -1 -3.62e-10      0.00 7.491e-01 2.504e-01 8.226e-05 2.495e-05 2.106e-04 -1.000 4.940e-04 -0.938 0.262 -0.101 -0.567 -0.857 -1.074 -1.557 -1.624
0.00049103 -1.50000 10.07918 0.8085013628 2.4216616349    0.797  2.322  3.6798  1.688    3  0.000  0.521     0.00     0.00     0.00     0.00     0.00 -1  -4.2e-10      0.00 7.491e-01 2.504e-01 8.225e-05 2.495e-05 2.106e-04 -1.000 4.941e-04 -1.036 0.194 -0.180 -0.656 -0.950 -1.170 -1.657 -1.725
0.00049103 -1.50000 10.07918 0.8085311651 2.4216718066    0.797  2.363  3.6776  1.638    3  0.000  0.521     0.00     0.00     0.00     0.00     0.00 -1 -4.88e-10      0.00 7.491e-01 2.504e-01 8.225e-05 2.495e-05 2.106e-04 -1.000 4.941e-04 -1.138 0.123 -0.262 -0.747 -1.047 -1.269 -1.760 -1.829
0.00049103 -1.50000 10.07918 0.8085576296 2.4216808384    0.796  2.402  3.6753  1.590    3  0.000  0.521     0.00     0.00     0.00     0.00     0.00 -1 -5.65e-10      0.00 7.491e-01 2.504e-01 8.225e-05 2.495e-05 2.107e-04 -1.000 4.940e-04 -1.235 0.060 -0.337 -0.833 -1.137 -1.362 -1.859 -1.928
0.00049103 -1.50000 10.07918 0.8085883856 2.4216913340    0.795  2.451  3.6724  1.529    3  0.000  0.521     0.00     0.00     0.00     0.00     0.00 -1 -6.77e-10      0.00 7.491e-01 2.504e-01 8.225e-05 2.496e-05 2.107e-04 -1.000 4.940e-04 -1.357 -0.018 -0.430 -0.941 -1.251 -1.480 -1.982 -2.053
0.00049103 -1.50000 10.07918 0.8086157441 2.4217006694    0.794  2.498  3.6695  1.470    3  0.000  0.521     0.00     0.00     0.00     0.00     0.00 -1 -8.08e-10      0.00 7.491e-01 2.504e-01 8.225e-05 2.496e-05 2.107e-04 -1.000 4.941e-04 -1.474 -0.086 -0.516 -1.042 -1.360 -1.593 -2.102 -2.174
0.00049103 -1.50000 10.07918 0.8086372614 2.4217080111    0.793  2.538  3.6672  1.420    3  0.000  0.521     7.91     6.15     4.35     3.37     2.72  3  -9.4e-10      0.00 7.491e-01 2.504e-01 8.225e-05 2.496e-05 2.107e-04 -1.000 4.941e-04 -1.574 -0.143 -0.588 -1.127 -1.451 -1.688 -2.202 -2.275
0.00049103 -1.50000 10.07918 0.8086600900 2.4217157997    0.792  2.583  3.6643  1.362    3  0.000  0.521     8.94     6.83     4.80     3.72     3.01  3 -1.11e-09      0.00 7.491e-01 2.504e-01 8.225e-05 2.496e-05 2.107e-04 -1.000 4.941e-04 -1.688 -0.199 -0.664 -1.220 -1.554 -1.795 -2.317 -2.391
0.00049103 -1.50000 10.07918 0.8086784482 2.4217220628    0.791  2.622  3.6619  1.313    3  0.000  0.521     9.91     7.46     5.23     4.06     3.28  3 -1.29e-09      0.00 7.491e-01 2.504e-01 8.225e-05 2.496e-05 2.107e-04 -1.000 4.941e-04 -1.786 -0.248 -0.730 -1.301 -1.642 -1.887 -2.415 -2.490
0.00049103 -1.50000 10.07918 0.8086977005 2.4217286305    0.789  2.666  3.6589  1.256    3  0.000  0.521    11.18     8.27     5.76     4.48     3.63  3 -1.53e-09      0.00 7.491e-01 2.504e-01 8.224e-05 2.496e-05 2.107e-04 -1.000 4.940e-04 -1.896 -0.293 -0.798 -1.389 -1.739 -1.990 -2.526 -2.602
0.00049103 -1.50000 10.07918 0.8087161779 2.4217349336    0.788  2.712  3.6559  1.198    3  0.000  0.521    12.65     9.19     6.37     4.96     4.02  3 -1.82e-09      0.00 7.491e-01 2.504e-01 8.224e-05 2.496e-05 2.107e-04 -1.000 4.940e-04 -2.010 -0.347 -0.871 -1.478 -1.837 -2.092 -2.637 -2.714
0.00049103 -1.50000 10.07918 0.8087334037 2.4217408094    0.786  2.758  3.6529  1.139    3  0.000  0.521    14.33    10.22     7.05     5.50     4.46  2 -2.17e-09      0.00 7.491e-01 2.504e-01 8.224e-05 2.497e-05 2.107e-04 -1.000 4.941e-04 -2.126 -0.406 -0.946 -1.567 -1.935 -2.195 -2.749 -2.827
0.00049103 -1.50000 10.07918 0.8087483644 2.4217459123    0.784  2.801  3.6499  1.082    3  0.000  0.521    16.14    11.30     7.77     6.07     4.92  2 -2.56e-09      0.00 7.491e-01 2.504e-01 8.224e-05 2.497e-05 2.107e-04 -1.000 4.941e-04 -2.234 -0.456 -1.013 -1.649 -2.025 -2.290 -2.852 -2.932
0.00049103 -1.50000 10.07918 0.8087630868 2.4217509338    0.782  2.847  3.6469  1.024    3  0.000  0.521    18.25    12.55     8.59     6.72     5.45  2 -3.04e-09      0.00 7.491e-01 2.504e-01 8.224e-05 2.497e-05 2.107e-04 -1.000 4.941e-04 -2.347 -0.512 -1.085 -1.735 -2.120 -2.389 -2.960 -3.042
0.00049103 -1.50000 10.07918 0.8087757826 2.4217552638    0.780  2.889  3.6438  0.968    3  0.000  0.521    20.53    13.88     9.45     7.41     6.01  2 -3.58e-09      0.00 7.491e-01 2.504e-01 8.224e-05 2.497e-05 2.107e-04 -1.000 4.941e-04 -2.453 -0.553 -1.144 -1.810 -2.205 -2.478 -3.060 -3.144
0.00049103 -1.50000 10.07918 0.8087881207 2.4217594717    0.777  2.933  3.6408  0.911    3  0.000  0.521    23.17    15.39    10.43     8.19     6.64  2 -4.24e-09      0.00 7.491e-01 2.504e-01 8.224e-05 2.497e-05 2.107e-04 -1.000 4.941e-04 -2.563 -0.594 -1.205 -1.887 -2.293 -2.572 -3.164 -3.249
0.00049103 -1.50000 10.07918 0.8087996840 2.4217634152    0.775  2.977  3.6377  0.853    3  0.000  0.521    26.18    17.07    11.51     9.05     7.34  1 -5.02e-09      0.00 7.491e-01 2.504e-01 8.224e-05 2.497e-05 2.107e-04 -1.000 4.941e-04 -2.673 -0.632 -1.264 -1.963 -2.380 -2.664 -3.268 -3.355
0.00049103 -1.50000 10.07918 0.8088097572 2.4217668505    0.772  3.018  3.6346  0.798    3  0.000  0.521    29.40    18.84    12.65     9.97     8.08  1  -5.9e-09      0.00 7.491e-01 2.504e-01 8.224e-05 2.497e-05 2.107e-04 -1.000 4.941e-04 -2.776 -0.661 -1.312 -2.029 -2.458 -2.747 -3.362 -3.451
0.00049103 -1.50000 10.07918 0.8088195920 2.4217702043    0.769  3.061  3.6316  0.741    3  0.000  0.521    33.12    20.85    13.93    10.99     8.92  1 -6.96e-09      0.00 7.491e-01 2.504e-01 8.224e-05 2.497e-05 2.107e-04 -1.000 4.941e-04 -2.882 -0.692 -1.364 -2.099 -2.539 -2.834 -3.461 -3.552
0.00049103 -1.50000 10.07918 0.8088287115 2.4217733141    0.765  3.103  3.6284  0.684    3  0.000  0.521    37.33    23.07    15.35    12.13     9.85  1 -8.21e-09      0.00 7.491e-01 2.504e-01 8.224e-05 2.497e-05 2.107e-04 -1.000 4.941e-04 -2.988 -0.721 -1.414 -2.166 -2.619 -2.919 -3.558 -3.651
0.00049103 -1.50000 10.07918 0.8088370562 2.4217761597    0.761  3.144  3.6253  0.628    3  0.000  0.521    41.97    25.48    16.87    13.36    10.84  1 -9.65e-09      0.00 7.491e-01 2.504e-01 8.224e-05 2.497e-05 2.107e-04 -1.000 4.941e-04 -3.091 -0.746 -1.460 -2.229 -2.694 -2.999 -3.651 -3.746
0.00049103 -1.50000 10.07918 0.8088453412 2.4217789848    0.757  3.188  3.6223  0.570    3  0.000  0.521    47.44    28.27    18.63    14.78    12.00  1 -1.14e-08      0.00 7.491e-01 2.504e-01 8.224e-05 2.497e-05 2.107e-04 -1.000 4.941e-04 -3.200 -0.776 -1.510 -2.298 -2.775 -3.086 -3.750 -3.847
0.00049103 -1.50000 10.07918 0.8088527918 2.4217815253    0.752  3.229  3.6192  0.514    3  0.000  0.521    53.39    31.24    20.49    16.28    13.22  1 -1.34e-08      0.00 7.491e-01 2.504e-01 8.224e-05 2.497e-05 2.107e-04 -1.000 4.941e-04 -3.303 -0.798 -1.554 -2.359 -2.849 -3.165 -3.842 -3.941
0.00049103 -1.50000 10.07918 0.8088599443 2.4217839642    0.747  3.271  3.6162  0.457    3  0.000  0.521    60.17    34.56    22.56    17.96    14.59  1 -1.59e-08      0.00 7.491e-01 2.504e-01 8.224e-05 2.497e-05 2.107e-04 -1.000 4.941e-04 -3.406 -0.812 -1.589 -2.414 -2.921 -3.242 -3.935 -4.036
0.00049103 -1.50000 10.07918 0.8088659644 2.4217860169    0.741  3.304  3.6138  0.411    3  0.000  0.521    66.23    37.48    24.37    19.43    15.78  1 -1.82e-08      0.00 7.491e-01 2.504e-01 8.224e-05 2.498e-05 2.107e-04 -1.000 4.941e-04 -3.489 -0.818 -1.615 -2.457 -2.976 -3.303 -4.008 -4.111
0.00049103 -1.50000 10.07918 0.8088659644 2.4217860169    0.741  1.725  3.7712  2.620    4  0.000  0.525     0.00     0.00     0.00     0.00     0.00 -1    -1e-30      0.00 7.422e-01 2.573e-01 8.499e-05 2.500e-05 2.160e-04 -1.000 4.941e-04 0.458 1.022 0.846 0.574 0.395 0.250 -0.074 -0.113
0.00049103 -1.50000 10.07918 0.8088693023 2.4217871550    0.741  1.731  3.7695  2.607    4  0.000  0.525     0.00     0.00     0.00     0.00     0.00 -1    -1e-30      0.00 7.422e-01 2.573e-01 8.499e-05 2.500e-05 2.160e-04 -1.000 4.941e-04 0.442 1.015 0.836 0.561 0.381 0.233 -0.093 -0.133
0.00049103 -1.50000 10.07918 0.8089247346 2.4218060539    0.741  1.743  3.7685  2.591    4  0.000  0.525     0.00     0.00     0.00     0.00     0.00 -1    -1e-30      0.00 7.422e-01 2.573e-01 8.499e-05 2.500e-05 2.160e-04 -1.000 4.941e-04 0.413 0.991 0.811 0.535 0.353 0.205 -0.123 -0.163
0.00049103 -1.50000 10.07918 0.8089807630 2.4218251531    0.742  1.745  3.7687  2.590    4  0.000  0.525     0.00     0.00     0.00     0.00     0.00 -1    -1e-30      0.00 7.422e-01 2.573e-01 8.499e-05 2.500e-05 2.160e-04 -1.000 4.941e-04 0.409 0.985 0.805 0.529 0.348 0.200 -0.127 -0.167
0.00049103 -1.50000 10.07918 0.8090381026 2.4218446961    0.742  1.745  3.7694  2.592    4  0.000  0.525     0.00     0.00     0.00     0.00     0.00 -1    -1e-30      0.00 7.422e-01 2.573e-01 8.499e-05 2.500e-05 2.160e-04 -1.000 4.941e-04 0.407 0.979 0.801 0.526 0.345 0.198 -0.128 -0.168
0.00049103 -1.50000 10.07918 0.8090949059 2.4218640532    0.742  1.745  3.7705  2.597    4  0.000  0.525     0.00     0.00     0.00     0.00     0.00 -1    -1e-30      0.00 7.422e-01 2.573e-01 8.499e-05 2.500e-05 2.160e-04 -1.000 4.941e-04 0.406 0.973 0.796 0.523 0.344 0.198 -0.127 -0.167
0.00049103 -1.50000 10.07918 0.8091482520 2.4218822293    0.742  1.745  3.7718  2.602    4  0.000  0.525     0.00     0.00     0.00     0.00     0.00 -1    -1e-30      0.00 7.422e-01 2.573e-01 8.499e-05 2.500e-05 2.160e-04 -1.000 4.941e-04 0.407 0.967 0.792 0.521 0.343 0.198 -0.124 -0.163
0.00049103 -1.50000 10.07918 0.8092007637 2.4219001184    0.742  1.744  3.7734  2.609    4  0.000  0.525     0.00     0.00     0.00     0.00     0.00 -1    -1e-30      0.00 7.422e-01 2.573e-01 8.499e-05 2.500e-05 2.160e-04 -1.000 4.941e-04 0.409 0.960 0.787 0.519 0.343 0.199 -0.120 -0.158
0.00049103 -1.50000 10.07918 0.8092538714 2.4219182078    0.742  1.744  3.7753  2.618    4  0.000  0.525     0.00     0.00     0.00     0.00     0.00 -1    -1e-30      0.00 7.422e-01 2.573e-01 8.499e-05 2.500e-05 2.160e-04 -1.000 4.941e-04 0.411 0.952 0.782 0.518 0.344 0.201 -0.114 -0.152
0.00049103 -1.50000 10.07918 0.8093093634 2.4219371065    0.742  1.742  3.7773  2.627    4  0.000  0.525     0.00     0.00     0.00     0.00     0.00 -1    -1e-30      0.00 7.422e-01 2.573e-01 8.499e-05 2.500e-05 2.160e-04 -1.000 4.941e-04 0.414 0.944 0.777 0.516 0.345 0.204 -0.108 -0.146
0.00049103 -1.50000 10.07918 0.8093641400 2.4219557586    0.742  1.741  3.7794  2.636    4  0.000  0.525     0.00     0.00     0.00     0.00     0.00 -1    -1e-30      0.00 7.422e-01 2.573e-01 8.499e-05 2.500e-05 2.160e-04 -1.000 4.941e-04 0.417 0.935 0.771 0.515 0.345 0.206 -0.102 -0.139
0.00049103 -1.50000 10.07918 0.8094205260 2.4219749557    0.742  1.740  3.7813  2.645    4  0.000  0.525     0.00     0.00     0.00     0.00     0.00 -1    -1e-30      0.00 7.422e-01 2.573e-01 8.499e-05 2.500e-05 2.160e-04 -1.000 4.941e-04 0.419 0.928 0.766 0.513 0.346 0.208 -0.096 -0.133
0.00049103 -1.50000 10.07918 0.8094763756 2.4219939671    0.742  1.740  3.7831  2.653    4  0.000  0.525     0.00     0.00     0.00     0.00     0.00 -1    -1e-30      0.00 7.422e-01 2.573e-01 8.499e-05 2.500e-05 2.160e-04 -1.000 4.941e-04 0.421 0.921 0.762 0.511 0.346 0.210 -0.091 -0.128
0.00049103 -1.50000 10.07918 0.8095316291 2.4220127726    0.742  1.739  3.7845  2.659    4  0.000  0.525     0.00     0.00     0.00     0.00     0.00 -1    -1e-30      0.00 7.422e-01 2.573e-01 8.499e-05 2.500e-05 2.160e-04 -1.000 4.941e-04 0.422 0.915 0.758 0.510 0.346 0.211 -0.088 -0.123
0.00049103 -1.50000 10.07918 0.8095851541 2.4220309870    0.742  1.739  3.7854  2.663    4  0.000  0.525     0.00     0.00     0.00     0.00     0.00 -1    -1e-30      0.00 7.422e-01 2.573e-01 8.499e-05 2.500e-05 2.160e-04 -1.000 4.941e-04 0.423 0.911 0.755 0.508 0.346 0.212 -0.085 -0.121
0.00049103 -1.50000 10.07918 0.8096085191 2.4220389372    0.742  1.739  3.7859  2.665    4  0.000  0.525     0.00     0.00     0.00     0.00     0.00 -1    -1e-30      0.00 7.422e-01 2.573e-01 8.499e-05 2.500e-05 2.160e-04 -1.000 4.941e-04 0.423 0.908 0.753 0.508 0.346 0.212 -0.084 -0.120
0.00049103 -1.50000 10.07918 0.8096206188 2.4220430541    0.742  1.739  3.7860  2.666    4  0.000  0.525     0.00     0.00     0.00     0.00     0.00 -1    -1e-30      0.00 7.422e-01 2.573e-01 8.499e-05 2.500e-05 2.160e-04 -1.000 4.941e-04 0.423 0.908 0.753 0.507 0.346 0.212 -0.084 -0.120
0.00049103 -1.50000 10.07918 0.8096739054 2.4220611828    0.742  1.739  3.7863  2.666    4  0.000  0.525     0.00     0.00     0.00     0.00     0.00 -1    -1e-30      0.00 7.422e-01 2.573e-01 8.499e-05 2.500e-05 2.160e-04 -1.000 4.941e-04 0.422 0.906 0.751 0.506 0.345 0.211 -0.084 -0.120
0.00049103 -1.50000 10.07918 0.8097278476 2.4220795318    0.742  1.740  3.7861  2.665    4  0.000  0.525     0.00     0.00     0.00     0.00     0.00 -1    -1e-30      0.00 7.422e-01 2.573e-01 8.499e-05 2.500e-05 2.160e-04 -1.000 4.941e-04 0.420 0.905 0.750 0.505 0.343 0.209 -0.086 -0.122
0.00049103 -1.50000 10.07918 0.8097808957 2.4220975739    0.742  1.741  3.7855  2.662    4  0.000  0.525     0.00     0.00     0.00     0.00     0.00 -1    -1e-30      0.00 7.422e-01 2.573e-01 8.499e-05 2.500e-05 2.160e-04 -1.000 4.941e-04 0.418 0.906 0.750 0.503 0.341 0.207 -0.090 -0.126
0.00049103 -1.50000 10.07918 0.8098331094 2.4221153295    0.742  1.742  3.7843  2.656    4  0.000  0.525     0.00     0.00     0.00     0.00     0.00 -1    -1e-30      0.00 7.422e-01 2.573e-01 8.499e-05 2.500e-05 2.160e-04 -1.000 4.941e-04 0.414 0.908 0.750 0.502 0.338 0.203 -0.096 -0.132
0.00049103 -1.50000 10.07918 0.8098851442 2.4221330217    0.743  1.744  3.7827  2.647    4  0.000  0.525     0.00     0.00     0.00     0.00     0.00 -1    -1e-30      0.00 7.422e-01 2.573e-01 8.499e-05 2.500e-05 2.160e-04 -1.000 4.941e-04 0.409 0.911 0.752 0.500 0.335 0.198 -0.103 -0.140
0.00049103 -1.50000 10.07918 0.8099367619 2.4221505695    0.743  1.747  3.7806  2.637    4  0.000  0.525     0.00     0.00     0.00     0.00     0.00 -1    -1e-30      0.00 7.422e-01 2.573e-01 8.499e-05 2.500e-05 2.160e-04 -1.000 4.941e-04 0.403 0.915 0.753 0.499 0.331 0.193 -0.113 -0.150
0.00049103 -1.50000 10.07918 0.8099884987 2.4221681552    0.743  1.749  3.7783  2.625    4  0.000  0.525     0.00     0.00     0.00     0.00     0.00 -1    -1e-30      0.00 7.422e-01 2.573e-01 8.499e-05 2.500e-05 2.160e-04 -1.000 4.941e-04 0.397 0.921 0.755 0.497 0.326 0.186 -0.124 -0.161
0.00049103 -1.50000 10.07918 0.8099933863 2.4221698164    0.743  1.750  3.7781  2.624    4  0.000  0.525     0.00     0.00     0.00     0.00     0.00 -1    -1e-30      0.00 7.422e-01 2.573e-01 8.499e-05 2.500e-05 2.160e-04 -1.000 4.941e-04 0.396 0.921 0.756 0.496 0.326 0.186 -0.125 -0.162
0.00049103 -1.50000 10.07918 0.8100014329 2.4221725512    0.743  1.750  3.7777  2.621    4  0.000  0.525     0.00     0.00     0.00     0.00     0.00 -1    -1e-30      0.00 7.422e-01 2.573e-01 8.499e-05 2.500e-05 2.160e-04 -1.000 4.941e-04 0.395 0.922 0.756 0.496 0.325 0.184 -0.127 -0.164
0.00049103 -1.50000 10.07918 0.8100488782 2.4221886754    0.743  1.753  3.7754  2.609    4  0.000  0.525     0.00     0.00     0.00     0.00     0.00 -1    -1e-30      0.00 7.422e-01 2.573e-01 8.499e-05 2.500e-05 2.160e-04 -1.000 4.942e-04 0.387 0.927 0.757 0.493 0.319 0.177 -0.138 -0.177
0.00049103 -1.50000 10.07918 0.8100950718 2.4222043720    0.743  1.757  3.7729  2.596    4  0.000  0.525     0.00     0.00     0.00     0.00     0.00 -1    -1e-30      0.00 7.422e-01 2.573e-01 8.499e-05 2.500e-05 2.160e-04 -1.000 4.941e-04 0.378 0.931 0.758 0.489 0.313 0.168 -0.151 -0.190
0.00049103 -1.50000 10.07918 0.8101445436 2.4222211804    0.743  1.761  3.7702  2.580    4  0.000  0.525     0.00     0.00     0.00     0.00     0.00 -1    -1e-30      0.00 7.422e-01 2.573e-01 8.499e-05 2.500e-05 2.160e-04 -1.000 4.941e-04 0.367 0.935 0.757 0.484 0.304 0.158 -0.167 -0.207
0.00049103 -1.50000 10.07918 0.8101915717 2.4222371562    0.743  1.766  3.7676  2.565    4  0.000  0.525     0.00     0.00     0.00     0.00     0.00 -1    -1e-30      0.00 7.422e-01 2.573e-01 8.499e-05 2.500e-05 2.160e-04 -1.000 4.941e-04 0.355 0.937 0.756 0.478 0.295 0.147 -0.183 -0.223
0.00049103 -1.50000 10.07918 0.8102366328 2.4222524619    0.743  1.771  3.7652  2.551    4  0.000  0.525     0.00     0.00     0.00     0.00     0.00 -1    -1e-30      0.00 7.422e-01 2.573e-01 8.499e-05 2.500e-05 2.160e-04 -1.000 4.941e-04 0.343 0.938 0.753 0.471 0.286 0.135 -0.198 -0.239
0.00049103 -1.50000 10.07918 0.8102831244 2.4222682514    0.743  1.776  3.7629  2.536    4  0.000  0.525     0.00     0.00     0.00     0.00     0.00 -1    -1e-30      0.00 7.422e-01 2.573e-01 8.499e-05 2.500e-05 2.160e-04 -1.000 4.941e-04 0.330 0.937 0.749 0.463 0.275 0.123 -0.215 -0.257
0.00049103 -1.50000 10.07918 0.8103287220 2.4222837352    0.743  1.782  3.7607  2.522    4  0.000  0.525     0.00     0.00     0.00     0.00     0.00 -1    -1e-30      0.00 7.422e-01 2.573e-01 8.499e-05 2.500e-05 2.160e-04 -1.000 4.941e-04 0.316 0.935 0.744 0.453 0.263 0.109 -0.232 -0.275
0.00049103 -1.50000 10.07918 0.8103747964 2.4222993789    0.743  1.787  3.7588  2.509    4  0.000  0.525     0.00     0.00     0.00     0.00     0.00 -1    -1e-30      0.00 7.422e-01 2.573e-01 8.499e-05 2.500e-05 2.160e-04 -1.000 4.941e-04 0.302 0.932 0.737 0.444 0.251 0.096 -0.249 -0.292
0.00049103 -1.50000 10.07918 0.8104209304 2.4223150408    0.743  1.794  3.7569  2.495    4  0.000  0.525     0.00     0.00     0.00     0.00     0.00 -1    -1e-30      0.00 7.422e-01 2.573e-01 8.499e-05 2.500e-05 2.160e-04 -1.000 4.941e-04 0.286 0.927 0.730 0.433 0.238 0.081 -0.267 -0.311
0.00049103 -1.50000 10.07918 0.8104673028 2.4223307816    0.743  1.801  3.7548  2.479    4  0.000  0.525     0.00     0.00     0.00     0.00     0.00 -1    -1e-30      0.00 7.422e-01 2.573e-01 8.499e-05 2.500e-05 2.160e-04 -1.000 4.941e-04 0.267 0.921 0.720 0.419 0.221 0.063 -0.289 -0.333
0.00049103 -1.50000 10.07918 0.8104766011 2.4223339376    0.743  1.803  3.7545  2.476    4  0.000  0.525     0.00     0.00     0.00     0.00     0.00 -1    -1e-30      0.00 7.422e-01 2.573e-01 8.499e-05 2.500e-05 2.160e-04 -1.000 4.941e-04 0.264 0.919 0.717 0.415 0.218 0.059 -0.294 -0.338
0.00049103 -1.50000 10.07918 0.8105241656 2.4223500805    0.743  1.813  3.7519  2.456    4  0.000  0.525     0.00     0.00     0.00     0.00     0.00 -1    -1e-30      0.00 7.422e-01 2.573e-01 8.499e-05 2.500e-05 2.160e-04 -1.000 4.941e-04 0.238 0.908 0.702 0.396 0.195 0.034 -0.323 -0.368
0.00049103 -1.50000 10.07918 0.8105710745 2.4223659987    0.743  1.827  3.7486  2.428    4  0.000  0.525     0.00     0.00     0.00     0.00     0.00 -1    -1e-30      0.00 7.422e-01 2.573e-01 8.499e-05 2.500e-05 2.160e-04 -1.000 4.941e-04 0.202 0.891 0.680 0.367 0.162 -0.001 -0.364 -0.410
0.00049103 -1.50000 10.07918 0.8106105328 2.4223793869    0.743  1.859  3.7425  2.372    4  0.000  0.525     0.00     0.00     0.00     0.00     0.00 -1    -1e-30      0.00 7.422e-01 2.573e-01 8.499e-05 2.500e-05 2.160e-04 -1.000 4.941e-04 0.123 0.849 0.627 0.303 0.091 -0.076 -0.450 -0.498
0.00049103 -1.50000 10.07918 0.8106318712 2.4223866265    0.743  1.899  3.7355  2.304    4  0.000  0.525     0.00     0.00     0.00     0.00     0.00 -1    -1e-30      0.00 7.422e-01 2.573e-01 8.499e-05 2.500e-05 2.160e-04 -1.000 4.941e-04 0.023 0.790 0.556 0.218 -0.001 -0.174 -0.560 -0.610
0.00049103 -1.50000 10.07918 0.8106415272 2.4223899023    0.743  1.941  3.7292  2.237    4  0.000  0.525     0.00     0.00     0.00     0.00     0.00 -1    -1e-30      0.00 7.422e-01 2.573e-01 8.499e-05 2.500e-05 2.160e-04 -1.000 4.941e-04 -0.083 0.724 0.478 0.128 -0.099 -0.277 -0.673 -0.725
0.00049103 -1.50000 10.07918 0.8106458783 2.4223913785    0.743  1.983  3.7238  2.174    4  0.000  0.525     0.00     0.00     0.00     0.00     0.00 -1    -1e-30      0.00 7.422e-01 2.573e-01 8.499e-05 2.500e-05 2.160e-04 -1.000 4.941e-04 -0.187 0.657 0.400 0.038 -0.195 -0.377 -0.783 -0.836
0.00049103 -1.50000 10.07918 0.8106478453 2.4223920458    0.743  2.020  3.7195  2.119    4  0.000  0.525     0.00     0.00     0.00     0.00     0.00 -1    -1e-30      0.00 7.422e-01 2.573e-01 8.499e-05 2.500e-05 2.160e-04 -1.000 4.941e-04 -0.280 0.592 0.326 -0.045 -0.283 -0.468 -0.881 -0.936
0.00049103 -1.50000 10.07918 0.8106486797 2.4223923288    0.743  2.042  3.7172  2.088    4  0.000  0.525     0.00     0.00     0.00     0.00     0.00 -1    -1e-30      0.00 7.422e-01 2.573e-01 8.499e-05 2.500e-05 2.160e-04 -1.000 4.941e-04 -0.335 0.554 0.283 -0.093 -0.334 -0.521 -0.938 -0.994
0.00049103 -1.50000 10.07918 0.8106487393 2.4223923491    0.743  2.043  3.7172  2.087    7  0.000  0.525     0.00     0.00     0.00     0.00     0.00 -1    -1e-30      0.00 7.422e-01 2.573e-01 8.499e-05 2.500e-05 2.160e-04 -1.000 4.941e-04 -0.337 0.553 0.282 -0.094 -0.335 -0.522 -0.940 -0.995
0.00049103 -1.50000 10.07918 0.8106498122 2.4223927130    0.743  2.084  3.7135  2.032    7  0.000  0.525     0.00     0.00     0.00     0.00     0.00 -1    -1e-30      0.00 7.422e-01 2.573e-01 8.499e-05 2.500e-05 2.160e-04 -1.000 4.941e-04 -0.439 0.478 0.199 -0.185 -0.431 -0.621 -1.045 -1.102
0.00049103 -1.50000 10.07918 0.8106508255 2.4223930568    0.743  2.120  3.7104  1.983    7  0.000  0.525     0.00     0.00     0.00     0.00     0.00 -1    -1e-30      0.00 7.422e-01 2.573e-01 8.499e-05 2.500e-05 2.160e-04 -1.000 4.941e-04 -0.529 0.412 0.126 -0.266 -0.516 -0.708 -1.138 -1.195
0.00049103 -1.50000 10.07918 0.8106517196 2.4223933601    0.743  2.143  3.7085  1.953    7  0.000  0.525     0.00     0.00     0.00     0.00     0.00 -1    -1e-30      0.00 7.422e-01 2.573e-01 8.499e-05 2.500e-05 2.160e-04 -1.000 4.941e-04 -0.587 0.369 0.078 -0.318 -0.570 -0.764 -1.197 -1.255
0.00049103 -1.50000 10.07918 0.8106526732 2.4223936836    0.743  2.162  3.7071  1.928    7  0.000  0.525     0.00     0.00     0.00     0.00     0.00 -1    -1e-30      0.00 7.422e-01 2.573e-01 8.499e-05 2.500e-05 2.160e-04 -1.000 4.941e-04 -0.634 0.334 0.040 -0.360 -0.615 -0.810 -1.246 -1.304
0.00049103 -1.50000 10.07918 0.8106541634 2.4223941891    0.743  2.164  3.7069  1.924    7  0.000  0.525     0.00     0.00     0.00     0.00     0.00 -1    -1e-30      0.00 7.422e-01 2.573e-01 8.499e-05 2.500e-05 2.160e-04 -1.000 4.942e-04 -0.641 0.328 0.034 -0.367 -0.621 -0.817 -1.253 -1.312
0.00049103 -1.50000 10.07918 0.8106567860 2.4223950788    0.743  2.160  3.7073  1.931    7  0.000  0.525     0.00     0.00     0.00     0.00     0.00 -1    -1e-30      0.00 7.422e-01 2.573e-01 8.499e-05 2.500e-05 2.160e-04 -1.000 4.941e-04 -0.629 0.337 0.043 -0.356 -0.610 -0.805 -1.241 -1.300
0.00049103 -1.50000 10.07918 0.8106613159 2.4223966155    0.743  2.152  3.7080  1.941    7  0.000  0.525     0.00     0.00     0.00     0.00     0.00 -1    -1e-30      0.00 7.422e-01 2.573e-01 8.499e-05 2.500e-05 2.160e-04 -1.000 4.941e-04 -0.609 0.351 0.059 -0.339 -0.592 -0.786 -1.221 -1.279
0.00049103 -1.50000 10.07918 0.8106883168 2.4224057748    0.743  2.162  3.7069  1.927    7  0.000  0.525     0.00     0.00     0.00     0.00     0.00 -1    -1e-30      0.00 7.422e-01 2.573e-01 8.499e-05 2.500e-05 2.160e-04 -1.000 4.941e-04 -0.634 0.335 0.040 -0.360 -0.615 -0.810 -1.246 -1.305
0.00049103 -1.50000 10.07918 0.8107047677 2.4224113549    0.743  2.175  3.7057  1.909    7  0.000  0.525     0.00     0.00     0.00     0.00     0.00 -1    -1e-30      0.00 7.422e-01 2.573e-01 8.499e-05 2.500e-05 2.160e-04 -1.000 4.941e-04 -0.667 0.313 0.015 -0.388 -0.645 -0.841 -1.280 -1.339
0.00049103 -1.50000 10.07918 0.8107247353 2.4224181276    0.743  2.216  3.7023  1.854    7  0.000  0.525     0.00     0.00     0.00     0.00     0.00 -1    -1e-30      0.00 7.422e-01 2.573e-01 8.499e-05 2.500e-05 2.160e-04 -1.000 4.941e-04 -0.770 0.239 -0.068 -0.479 -0.741 -0.940 -1.385 -1.445
0.00049103 -1.50000 10.07918 0.8107450604 2.4224250211    0.743  2.258  3.6989  1.799    7  0.000  0.525     0.00     0.00     0.00     0.00     0.00 -1    -1e-30      0.00 7.422e-01 2.573e-01 8.499e-05 2.500e-05 2.160e-04 -1.000 4.941e-04 -0.876 0.162 -0.153 -0.574 -0.839 -1.041 -1.493 -1.554
0.00049103 -1.50000 10.07918 0.8107632995 2.4224312068    0.743  2.301  3.6957  1.743    7  0.000  0.525     0.00     0.00     0.00     0.00     0.00 -1    -1e-30      0.00 7.422e-01 2.573e-01 8.499e-05 2.500e-05 2.160e-04 -1.000 4.941e-04 -0.982 0.086 -0.238 -0.667 -0.937 -1.142 -1.600 -1.662
0.00049103 -1.50000 10.07918 0.8107795119 2.4224367049    0.744  2.343  3.6925  1.689    7  0.000  0.525     0.00     0.00     0.00     0.00     0.00 -1    -1e-30      0.00 7.422e-01 2.573e-01 8.498e-05 2.500e-05 2.160e-04 -1.000 4.937e-04 -1.087 0.010 -0.322 -0.760 -1.035 -1.243 -1.707 -1.770
0.00049103 -1.50000 10.07918 0.8107938170 2.4224415559    0.744  2.385  3.6894  1.634    7  0.000  0.525     0.00     0.00     0.00     0.00     0.00 -1    -1e-30      0.00 7.422e-01 2.573e-01 8.498e-05 2.500e-05 2.160e-04 -1.000 4.935e-04 -1.192 -0.064 -0.405 -0.851 -1.131 -1.342 -1.812 -1.877
0.00049103 -1.50000 10.07918 0.8108063936 2.4224458207    0.744  2.427  3.6863  1.580    7  0.000  0.524     0.00     0.00     0.00     0.00     0.00 -1    -1e-30      0.00 7.422e-01 2.573e-01 8.494e-05 2.501e-05 2.160e-04 -1.000 4.934e-04 -1.297 -0.137 -0.487 -0.942 -1.227 -1.440 -1.916 -1.982
0.00049103 -1.50000 10.07918 0.8108174801 2.4224495800    0.744  2.468  3.6832  1.526    7  0.000  0.523     0.00     0.00     0.00     0.00     0.00 -1    -1e-30      0.00 7.422e-01 2.573e-01 8.477e-05 2.507e-05 2.160e-04 -1.000 4.935e-04 -1.401 -0.203 -0.567 -1.034 -1.324 -1.540 -2.023 -2.090
0.00049103 -1.50000 10.07918 0.8108276129 2.4224530158    0.744  2.511  3.6801  1.471    7  0.000  0.520     6.95     5.52     3.91     3.03     2.45  3    -1e-30      0.00 7.422e-01 2.573e-01 8.421e-05 2.544e-05 2.160e-04 -1.000 4.941e-04 -1.506 -0.265 -0.645 -1.126 -1.422 -1.643 -2.131 -2.199
0.00049103 -1.50000 10.07918 0.8108369112 2.4224561685    0.744  2.553  3.6769  1.416    7  0.000  0.512     7.82     6.10     4.31     3.34     2.70  3    -1e-30      0.00 7.422e-01 2.573e-01 8.296e-05 2.665e-05 2.160e-04 -1.000 4.940e-04 -1.612 -0.323 -0.720 -1.216 -1.520 -1.744 -2.240 -2.309
0.00049103 -1.50000 10.07918 0.8108454943 2.4224590787    0.744  2.596  3.6736  1.360    7  0.000  0.500     8.81     6.75     4.74     3.69     2.98  3    -1e-30      0.00 7.422e-01 2.573e-01 8.104e-05 2.885e-05 2.160e-04 -1.000 4.942e-04 -1.720 -0.377 -0.793 -1.306 -1.618 -1.847 -2.350 -2.420
0.00049103 -1.50000 10.07918 0.8108535409 2.4224618070    0.744  2.640  3.6703  1.303    7  0.000  0.488     9.94     7.48     5.23     4.07     3.30  3    -1e-30      0.00 7.422e-01 2.573e-01 7.905e-05 3.128e-05 2.160e-04 -1.000 4.934e-04 -1.829 -0.426 -0.864 -1.395 -1.716 -1.951 -2.461 -2.533
0.00049103 -1.50000 10.07918 0.8108612299 2.4224644139    0.744  2.683  3.6669  1.246    7  0.000  0.477    11.23     8.30     5.78     4.50     3.65  2    -1e-30      0.00 7.421e-01 2.574e-01 7.725e-05 3.347e-05 2.159e-04 -1.000 4.940e-04 -1.938 -0.471 -0.931 -1.482 -1.813 -2.053 -2.572 -2.645
0.00049103 -1.50000 10.07918 0.8108685613 2.4224668995    0.744  2.727  3.6635  1.188    7  0.000  0.467    12.69     9.21     6.38     4.98     4.03  2    -1e-30      0.00 7.421e-01 2.574e-01 7.571e-05 3.536e-05 2.159e-04 -1.000 4.942e-04 -2.047 -0.510 -0.995 -1.567 -1.908 -2.154 -2.682 -2.756
0.00049103 -1.50000 10.07918 0.8108755946 2.4224692840    0.744  2.770  3.6601  1.132    7  0.000  0.460    14.31    10.20     7.03     5.50     4.45  2    -1e-30      0.00 7.420e-01 2.575e-01 7.443e-05 3.693e-05 2.159e-04 -1.000 4.941e-04 -2.155 -0.544 -1.055 -1.650 -2.002 -2.254 -2.790 -2.866
0.00049103 -1.50000 10.07918 0.8108819127 2.4224714260    0.744  2.812  3.6567  1.076    7  0.000  0.453    16.12    11.28     7.74     6.06     4.91  2    -1e-30      0.00 7.420e-01 2.576e-01 7.331e-05 3.830e-05 2.159e-04 -1.000 4.940e-04 -2.261 -0.577 -1.111 -1.726 -2.090 -2.347 -2.894 -2.971
0.00049103 -1.50000 10.07918 0.8108872175 2.4224732244    0.744  2.851  3.6536  1.024    7  0.000  0.447    17.99    12.38     8.47     6.64     5.38  2    -1e-30      0.00 7.419e-01 2.576e-01 7.241e-05 3.941e-05 2.158e-04 -1.000 4.941e-04 -2.358 -0.616 -1.168 -1.797 -2.169 -2.431 -2.987 -3.065
0.00049103 -1.50000 10.07918 0.8108916879 2.4224747399    0.744  2.890  3.6504  0.973    7  0.000  0.443    20.05    13.58     9.24     7.26     5.88  2    -1e-30      0.00 7.417e-01 2.578e-01 7.163e-05 4.037e-05 2.157e-04 -1.000 4.940e-04 -2.455 -0.651 -1.220 -1.865 -2.246 -2.513 -3.078 -3.159
0.00049103 -1.50000 10.07918 0.8108954430 2.4224760130    0.744  2.930  3.6472  0.920    7  0.000  0.438    22.44    14.95    10.13     7.97     6.46  2    -1e-30      0.00 7.416e-01 2.579e-01 7.092e-05 4.125e-05 2.156e-04 -1.000 4.934e-04 -2.554 -0.681 -1.270 -1.932 -2.324 -2.596 -3.172 -3.254
0.00049103 -1.50000 10.07918 0.8108990788 2.4224772455    0.744  2.975  3.6434  0.860    7  0.000  0.435    25.51    16.67    11.24     8.85     7.18  1    -1e-30      0.00 7.415e-01 2.580e-01 7.025e-05 4.211e-05 2.154e-04 -1.000 4.941e-04 -2.667 -0.715 -1.325 -2.007 -2.411 -2.689 -3.278 -3.362
0.00049103 -1.50000 10.07918 0.8109026551 2.4224784579    0.744  3.023  3.6394  0.796    7  0.000  0.432    29.21    18.70    12.55     9.90     8.03  1    -1e-30      0.00 7.414e-01 2.581e-01 6.972e-05 4.280e-05 2.152e-04 -1.000 4.942e-04 -2.787 -0.748 -1.383 -2.085 -2.502 -2.787 -3.389 -3.475
0.00049103 -1.50000 10.07918 0.8109059334 2.4224795692    0.744  3.074  3.6351  0.728    7  0.000  0.430    33.78    21.16    14.12    11.16     9.05  1    -1e-30      0.00 7.412e-01 2.583e-01 6.930e-05 4.340e-05 2.150e-04 -1.000 4.940e-04 -2.914 -0.776 -1.438 -2.162 -2.596 -2.887 -3.505 -3.594
0.00049103 -1.50000 10.07918 0.8109070659 2.4224799532    0.744  3.105  3.6324  0.686    7  0.000  0.429    36.96    22.84    15.19    12.02     9.75  1    -1e-30      0.00 7.412e-01 2.583e-01 6.914e-05 4.364e-05 2.149e-04 -1.000 4.940e-04 -2.993 -0.790 -1.469 -2.209 -2.652 -2.948 -3.576 -3.666
0.00049103 -1.50000 10.07918 0.8109072447 2.4224800138    0.744  3.111  3.6319  0.678    7  0.000  0.429    37.59    23.17    15.40    12.18     9.89  1    -1e-30      0.00 7.412e-01 2.583e-01 6.911e-05 4.369e-05 2.149e-04 -1.000 4.941e-04 -3.007 -0.793 -1.475 -2.217 -2.662 -2.959 -3.589 -3.680
0.00049103 -1.50000 10.07918 0.8109076023 2.4224801350    0.744  3.122  3.6309  0.662    7  0.000  0.428    38.85    23.83    15.82    12.52    10.16  1    -1e-30      0.00 7.412e-01 2.583e-01 6.903e-05 4.383e-05 2.148e-04 -1.000 4.941e-04 -3.036 -0.798 -1.486 -2.234 -2.683 -2.981 -3.615 -3.707
0.00049103 -1.50000 10.07918 0.8109080195 2.4224802764    0.744  3.147  3.6287  0.629    7  0.000  0.427    41.69    25.30    16.75    13.27    10.77  1    -1e-30      0.00 7.411e-01 2.584e-01 6.865e-05 4.450e-05 2.145e-04 -1.000 4.941e-04 -3.098 -0.808 -1.510 -2.269 -2.726 -3.028 -3.670 -3.763
0.00049103 -1.50000 10.07918 0.8109082580 2.4224803573    0.744  3.167  3.6269  0.602    7  0.548  0.425    44.19    26.58    17.56    13.92    11.30  1    -1e-30      0.00 7.409e-01 2.586e-01 6.825e-05 4.524e-05 2.140e-04 -1.000 4.941e-04 -3.148 -0.816 -1.529 -2.297 -2.761 -3.066 -3.714 -3.808
0.00049103 -1.50000 10.07918 0.8109083176 2.4224803775    0.744  3.410  3.6097  0.290    8  0.548  0.391    85.85    46.73    30.09    24.06    19.56  0 -1.26e-06      0.00 7.294e-01 2.702e-01 6.302e-05 5.854e-05 2.150e-04 -1.000 3.650e-04 -3.756 -0.918 -1.758 -2.638 -3.186 -3.524 -4.257 -4.364
0.00049103 -1.50000 10.07918 0.8109083772 2.4224803977    0.743  3.263  3.6193  0.475    8  0.548  0.391    57.82    33.40    21.84    17.37    14.11  1 -6.42e-07      0.00 7.294e-01 2.702e-01 6.302e-05 5.854e-05 2.150e-04 -1.000 3.650e-04 -3.387 -0.859 -1.622 -2.435 -2.929 -3.248 -3.928 -4.026
0.00049103 -1.50000 10.07918 0.8109084368 2.4224804179    0.743  3.119  3.6323  0.671    8  0.549  0.391    38.11    23.44    15.57    12.32    10.00  1 -3.26e-07      0.00 7.294e-01 2.702e-01 6.302e-05 5.854e-05 2.150e-04 -1.000 3.650e-04 -3.027 -0.817 -1.498 -2.240 -2.685 -2.981 -3.611 -3.701
0.00049103 -1.50000 10.07918 0.8109086156 2.4224804785    0.742  2.926  3.6498  0.933    8  0.549  0.391    21.81    14.59     9.90     7.78     6.31  2 -1.27e-07      0.00 7.294e-01 2.702e-01 6.302e-05 5.854e-05 2.150e-04 -1.000 3.651e-04 -2.545 -0.715 -1.293 -1.945 -2.331 -2.600 -3.169 -3.250
0.00049103 -1.50000 10.07918 0.8109087944 2.4224805391    0.740  2.932  3.6492  0.924    8  0.549  0.391    22.24    14.83    10.06     7.91     6.41  2 -1.32e-07      0.00 7.294e-01 2.702e-01 6.302e-05 5.854e-05 2.150e-04 -1.000 3.650e-04 -2.561 -0.718 -1.299 -1.955 -2.342 -2.612 -3.183 -3.264
0.00049103 -1.50000 10.07918 0.8109090924 2.4224806401    0.739  3.030  3.6403  0.790    8  0.549  0.391    29.59    18.90    12.67    10.00     8.11  1 -2.16e-07      0.00 7.294e-01 2.702e-01 6.302e-05 5.854e-05 2.150e-04 -1.000 3.651e-04 -2.805 -0.776 -1.409 -2.109 -2.526 -2.809 -3.410 -3.496
0.00049103 -1.50000 10.07918 0.8109093904 2.4224807412    0.736  3.181  3.6265  0.582    8  0.549  0.391    46.01    27.49    18.12    14.38    11.68  1 -4.51e-07      0.00 7.294e-01 2.702e-01 6.302e-05 5.854e-05 2.150e-04 -1.000 3.650e-04 -3.183 -0.834 -1.552 -2.325 -2.791 -3.097 -3.749 -3.843
0.00049103 -1.50000 10.07918 0.8109098077 2.4224808826    0.734  3.311  3.6147  0.403    8  0.550  0.391    67.27    37.94    24.65    19.66    15.97  1 -8.37e-07      0.00 7.294e-01 2.702e-01 6.302e-05 5.854e-05 2.150e-04 -1.000 3.650e-04 -3.507 -0.844 -1.641 -2.482 -2.999 -3.326 -4.029 -4.132
0.00049103 -1.50000 10.07918 0.8109102249 2.4224810241    0.731  3.396  3.6068  0.285    8  0.550  0.391    86.52    46.95    30.21    24.18    19.65  0 -1.25e-06      0.00 7.294e-01 2.702e-01 6.302e-05 5.854e-05 2.150e-04 -1.000 3.650e-04 -3.721 -0.826 -1.677 -2.567 -3.124 -3.465 -4.208 -4.318
0.00049103 -1.50000 10.07918 0.8109107614 2.4224812059    0.728  3.443  3.6025  0.218    8  0.551  0.391    99.59    52.87    33.84    27.13    22.05  0 -1.58e-06      0.00 7.294e-01 2.702e-01 6.302e-05 5.854e-05 2.150e-04 -1.000 3.650e-04 -3.839 -0.810 -1.692 -2.609 -3.189 -3.538 -4.305 -4.418
0.00049103 -1.50000 10.07918 0.8109112978 2.4224813878    0.724  3.468  3.6002  0.183    8  0.551  0.391   107.39    56.33    35.95    28.85    23.46  0 -1.79e-06      0.00 7.294e-01 2.702e-01 6.302e-05 5.854e-05 2.150e-04 -1.000 3.650e-04 -3.899 -0.799 -1.697 -2.628 -3.222 -3.575 -4.355 -4.469
0.00049103 -1.50000 10.07918 0.8109118938 2.4224815898    0.720  3.483  3.5987  0.158    8  0.552  0.391   112.96    58.76    37.42    30.06    24.44  0 -1.95e-06      0.00 7.294e-01 2.702e-01 6.302e-05 5.854e-05 2.150e-04 -1.000 3.650e-04 -3.939 -0.788 -1.697 -2.639 -3.241 -3.597 -4.386 -4.501
0.00049103 -1.50000 10.07918 0.8109142184 2.4224823778    0.553 -9.999  4.0000  1.708    9  0.554  0.000     0.00     0.00     0.00     0.00     0.00 -1    -1e-30      0.00 7.294e-01 2.702e-01 6.302e-05 5.854e-05 2.150e-04 -1.000 3.650e-04 29.767 30.025 30.058 30.063 30.057 30.055 30.055 30.044
#isochrone terminated
