# File generated by CMD 3.9 (http://stev.oapd.inaf.it/cmd) on Sun Jun  7 20:16:54 UTC 2026
# isochrones based on PARSEC release v1.2S +  COLIBRI S_37 + S_35 + PR16
# Basic references: Bressan et al. (2012), MNRAS, 427, 127 + Chen et al. (2014, 2015), MNRAS, 444, 2525 + MNRAS, 452, 1068 + Tang et al. (2014), MNRAS, 445, 4287 + Marigo et al. (2017), ApJ, 835, 77 + Pastorelli al. (2019), MNRAS, 485, 5666 + Pastorelli al. (2020), MNRAS, in press
# Thermal pulse cycles included 
# On RGB, assumed Reimers mass loss with efficiency eta=0.2
# LPV periods and growth rates added cf. Trabucchi et al. (2019)
# but fundamental-mode LPV periods + transition are from Trabucchi et al. (2021)
# Photometric system: HST/ACS WFC - updated filters and zeropoints, 2021
# Using YBC version of bolometric corrections as in Chen et al. (2019)
# O-rich circumstellar dpmod60alox40 dust from Groenewegen (2006)
# C-rich circumstellar AMCSIC15 dust from Groenewegen (2006)
# IMF: Kroupa (2001, 2002) + Kroupa et al. (2013) canonical two-part-power law IMF corrected for unresolved binaries 
# Kind of output: isochrone tables
# Zini     MH   logAge Mini        int_IMF         Mass   logL    logTe  logg  label   McoreTP C_O  period0  period1  period2  period3  period4  pmode  Mloss  tau1m   X   Y   Xc  Xn  Xo  Cexcess  Z 	 mbolmag  F435Wmag  F475Wmag  F555Wmag  F606Wmag  F625Wmag  F775Wmag  F814Wmag
9.8116e-05 -2.19174 10.07918 0.1000000015 1.1711064122    0.100 -2.780  3.5588  5.405    1  0.000  0.545     0.00     0.00     0.00     0.00     0.00 -1 -1.31e-16      0.00 7.453e-01 2.546e-01 1.798e-05 4.851e-06 4.400e-05 -1.000 1.000e-04 11.721 14.433 13.846 12.977 12.362 11.995 11.092 10.965
9.8116e-05 -2.19174 10.07918 0.1098214313 1.2482754908    0.109 -2.632  3.5741  5.357    1  0.000  0.545     0.00     0.00     0.00     0.00     0.00 -1 -1.86e-16      0.00 7.435e-01 2.564e-01 1.798e-05 4.851e-06 4.400e-05 -1.000 1.000e-04 11.349 13.800 13.253 12.460 11.879 11.524 10.721 10.604
9.8116e-05 -2.19174 10.07918 0.1294642836 1.3786745408    0.129 -2.390  3.5965  5.277    1  0.000  0.545     0.00     0.00     0.00     0.00     0.00 -1 -3.28e-16      0.00 7.405e-01 2.594e-01 1.798e-05 4.851e-06 4.400e-05 -1.000 1.000e-04 10.744 12.858 12.361 11.664 11.152 10.826 10.113 10.009
9.8116e-05 -2.19174 10.07918 0.1491071582 1.4855959672    0.149 -2.227  3.6079  5.220    1  0.000  0.545     0.00     0.00     0.00     0.00     0.00 -1 -4.75e-16      0.00 7.387e-01 2.612e-01 1.798e-05 4.851e-06 4.400e-05 -1.000 9.990e-05 10.336 12.300 11.824 11.169 10.692 10.381 9.702 9.603
9.8116e-05 -2.19174 10.07918 0.1687500030 1.5756139920    0.168 -2.100  3.6152  5.176    1  0.000  0.545     0.00     0.00     0.00     0.00     0.00 -1 -6.29e-16      0.00 7.378e-01 2.621e-01 1.798e-05 4.851e-06 4.400e-05 -1.000 9.990e-05 10.020 11.893 11.431 10.800 10.344 10.043 9.384 9.288
9.8116e-05 -2.19174 10.07918 0.2080357224 1.7204495903    0.207 -1.896  3.6261  5.108    1  0.000  0.545     0.00     0.00     0.00     0.00     0.00 -1 -9.79e-16      0.00 7.374e-01 2.625e-01 1.798e-05 4.851e-06 4.400e-05 -1.000 9.999e-05 9.511 11.255 10.811 10.213 9.787 9.500 8.870 8.779
9.8116e-05 -2.19174 10.07918 0.2571428716 1.8581268277    0.257 -1.708  3.6362  5.052    1  0.000  0.545     0.00     0.00     0.00     0.00     0.00 -1 -1.45e-15      0.00 7.377e-01 2.622e-01 1.798e-05 4.852e-06 4.400e-05 -1.000 9.996e-05 9.041 10.674 10.246 9.675 9.275 9.001 8.394 8.308
9.8116e-05 -2.19174 10.07918 0.3062500358 1.9652636675    0.306 -1.563  3.6446  5.017    1  0.000  0.545     0.00     0.00     0.00     0.00     0.00 -1 -1.93e-15      0.00 7.377e-01 2.622e-01 1.797e-05 4.852e-06 4.400e-05 -1.000 9.996e-05 8.677 10.224 9.809 9.259 8.878 8.613 8.026 7.943
9.8116e-05 -2.19174 10.07918 0.3553571403 2.0521113302    0.355 -1.440  3.6525  4.990    1  0.000  0.544     0.00     0.00     0.00     0.00     0.00 -1 -2.45e-15      0.00 7.387e-01 2.612e-01 1.796e-05 4.853e-06 4.400e-05 -1.000 1.000e-04 8.371 9.840 9.437 8.906 8.541 8.285 7.716 7.636
9.8116e-05 -2.19174 10.07918 0.4044643044 2.1246090444    0.404 -1.319  3.6608  4.959    1  0.000  0.545     0.00     0.00     0.00     0.00     0.00 -1 -3.14e-15      0.00 7.500e-01 2.499e-01 1.798e-05 4.851e-06 4.400e-05 -1.000 9.996e-05 8.068 9.459 9.070 8.557 8.209 7.962 7.411 7.334
9.8116e-05 -2.19174 10.07918 0.4535714388 2.1864813481    0.453 -1.173  3.6741  4.916    1  0.000  0.545     0.00     0.00     0.00     0.00     0.00 -1 -4.37e-15      0.00 7.507e-01 2.492e-01 1.798e-05 4.851e-06 4.400e-05 -1.000 9.999e-05 7.702 8.975 8.609 8.125 7.802 7.568 7.045 6.974
9.8116e-05 -2.19174 10.07918 0.5026785731 2.2401984691    0.503 -1.009  3.6887  4.855    1  0.000  0.545     0.00     0.00     0.00     0.00     0.00 -1 -6.48e-15      0.00 7.526e-01 2.473e-01 1.786e-05 4.818e-06 4.370e-05 -1.000 1.000e-04 7.293 8.445 8.106 7.654 7.355 7.135 6.641 6.575
9.8116e-05 -2.19174 10.07918 0.5517857671 2.2851312492    0.551 -0.809  3.7080  4.772    1  0.000  0.544     0.00     0.00     0.00     0.00     0.00 -1 -1.08e-14      0.00 7.851e-01 2.148e-01 1.566e-05 4.228e-06 3.837e-05 -1.000 9.948e-05 6.792 7.797 7.497 7.085 6.816 6.612 6.156 6.096
9.8116e-05 -2.19174 10.07918 0.6008928418 2.3217254164    0.600 -0.603  3.7325  4.701    1  0.000  0.544     0.00     0.00     0.00     0.00     0.00 -1  -1.8e-14      0.00 7.980e-01 2.020e-01 1.482e-05 4.004e-06 3.635e-05 -1.000 5.256e-05 6.277 7.123 6.870 6.507 6.269 6.085 5.674 5.622
9.8116e-05 -2.19174 10.07918 0.6072366834 2.3259589707    0.607 -0.575  3.7362  4.693    1  0.000  0.544     0.00     0.00     0.00     0.00     0.00 -1 -1.93e-14      0.00 8.001e-01 1.999e-01 1.469e-05 3.968e-06 3.603e-05 -1.000 1.489e-05 6.207 7.031 6.785 6.430 6.196 6.014 5.610 5.559
9.8116e-05 -2.19174 10.07918 0.6183252931 2.3331195745    0.618 -0.525  3.7428  4.677    1  0.000  0.543     0.00     0.00     0.00     0.00     0.00 -1 -2.18e-14      0.00 8.038e-01 1.961e-01 1.444e-05 3.903e-06 3.544e-05 -1.000 1.000e-04 6.083 6.871 6.637 6.293 6.067 5.891 5.497 5.448
9.8116e-05 -2.19174 10.07918 0.6282081604 2.3392571542    0.628 -0.480  3.7486  4.663    1  0.000  0.543     0.00     0.00     0.00     0.00     0.00 -1 -2.44e-14      0.00 8.074e-01 1.925e-01 1.421e-05 3.841e-06 3.489e-05 -1.000 5.597e-05 5.971 6.729 6.505 6.172 5.953 5.781 5.398 5.351
9.8116e-05 -2.19174 10.07918 0.6378048062 2.3450081360    0.638 -0.437  3.7541  4.648    1  0.000  0.543     0.00     0.00     0.00     0.00     0.00 -1 -2.73e-14      0.00 8.111e-01 1.889e-01 1.398e-05 3.779e-06 3.433e-05 -1.000 2.368e-05 5.862 6.592 6.377 6.054 5.842 5.675 5.302 5.256
9.8116e-05 -2.19174 10.07918 0.6491133571 2.3515346450    0.649 -0.385  3.7606  4.629    1  0.000  0.543     0.00     0.00     0.00     0.00     0.00 -1 -1.64e-14      0.00 8.156e-01 1.844e-01 1.369e-05 3.702e-06 3.363e-05 -1.000 5.880e-05 5.731 6.431 6.226 5.915 5.711 5.549 5.187 5.144
9.8116e-05 -2.19174 10.07918 0.6499999762 2.3520353107    0.650 -0.380  3.7611  4.627    1  0.000  0.543     0.00     0.00     0.00     0.00     0.00 -1 -3.14e-14      0.00 8.159e-01 1.840e-01 1.367e-05 3.695e-06 3.358e-05 -1.000 1.000e-04 5.721 6.418 6.214 5.904 5.701 5.539 5.178 5.135
9.8116e-05 -2.19174 10.07918 0.6585742235 2.3567972307    0.658 -0.340  3.7657  4.612    1  0.000  0.542     0.00     0.00     0.00     0.00     0.00 -1 -3.49e-14      0.00 8.203e-01 1.796e-01 1.338e-05 3.619e-06 3.290e-05 -1.000 1.000e-04 5.620 6.297 6.101 5.799 5.601 5.442 5.089 5.047
9.8116e-05 -2.19174 10.07918 0.6688095927 2.3622982465    0.669 -0.291  3.7713  4.591    1  0.000  0.542     0.00     0.00     0.00     0.00     0.00 -1 -3.97e-14      0.00 8.259e-01 1.740e-01 1.302e-05 3.523e-06 3.204e-05 -1.000 1.001e-04 5.498 6.152 5.963 5.671 5.479 5.325 4.981 4.940
9.8116e-05 -2.19174 10.07918 0.6785455346 2.3673541245    0.678 -0.243  3.7764  4.570    1  0.000  0.541     0.00     0.00     0.00     0.00     0.00 -1  -4.5e-14      0.00 8.316e-01 1.683e-01 1.265e-05 3.426e-06 3.116e-05 -1.000 9.993e-05 5.378 6.013 5.831 5.548 5.362 5.211 4.875 4.836
9.8116e-05 -2.19174 10.07918 0.6878397465 2.3720273678    0.688 -0.196  3.7813  4.549    1  0.000  0.541     0.00     0.00     0.00     0.00     0.00 -1 -5.11e-14      0.00 8.374e-01 1.625e-01 1.228e-05 3.327e-06 3.027e-05 -1.000 9.997e-05 5.261 5.876 5.702 5.427 5.246 5.099 4.771 4.733
9.8116e-05 -2.19174 10.07918 0.6960875988 2.3760545246    0.696 -0.153  3.7856  4.528    1  0.000  0.540     0.00     0.00     0.00     0.00     0.00 -1 -3.18e-15      0.00 8.429e-01 1.571e-01 1.193e-05 3.234e-06 2.943e-05 -1.000 3.627e-05 5.153 5.752 5.583 5.316 5.139 4.996 4.675 4.638
9.8116e-05 -2.19174 10.07918 0.6999999881 2.3779266974    0.700 -0.132  3.7876  4.518    1  0.000  0.540     0.00     0.00     0.00     0.00     0.00 -1 -6.08e-14      0.00 8.456e-01 1.544e-01 1.176e-05 3.188e-06 2.902e-05 -1.000 9.090e-07 5.101 5.692 5.526 5.262 5.088 4.946 4.629 4.592
9.8116e-05 -2.19174 10.07918 0.7090166807 2.3821510618    0.709 -0.082  3.7920  4.490    1  0.000  0.538     0.00     0.00     0.00     0.00     0.00 -1    -7e-14      0.00 8.505e-01 1.495e-01 1.145e-05 3.115e-06 2.838e-05 -1.000 1.347e-05 4.975 5.549 5.389 5.133 4.964 4.825 4.515 4.480
9.8116e-05 -2.19174 10.07918 0.7175090313 2.3860183186    0.717 -0.032  3.7961  4.462    1  0.000  0.536     0.00     0.00     0.00     0.00     0.00 -1 -8.06e-14      0.00 8.545e-01 1.454e-01 1.122e-05 3.060e-06 2.791e-05 -1.000 6.422e-05 4.850 5.408 5.254 5.004 4.840 4.704 4.401 4.367
9.8116e-05 -2.19174 10.07918 0.7258906364 2.3897332881    0.725  0.020  3.8001  4.431    1  0.000  0.534     0.00     0.00     0.00     0.00     0.00 -1 -9.36e-14      0.00 8.581e-01 1.419e-01 1.103e-05 3.016e-06 2.753e-05 -1.000 3.716e-05 4.720 5.262 5.113 4.870 4.710 4.577 4.281 4.248
9.8116e-05 -2.19174 10.07918 0.7330866456 2.3928449483    0.733  0.067  3.8034  4.401    1  0.000  0.533     0.00     0.00     0.00     0.00     0.00 -1 -1.07e-13      0.00 8.608e-01 1.391e-01 1.089e-05 2.984e-06 2.726e-05 -1.000 4.674e-05 4.601 5.130 4.985 4.748 4.591 4.461 4.171 4.139
9.8116e-05 -2.19174 10.07918 0.7400557995 2.3957922741    0.739  0.117  3.8065  4.368    1  0.000  0.531     0.00     0.00     0.00     0.00     0.00 -1 -8.97e-14      0.00 8.632e-01 1.367e-01 1.077e-05 2.957e-06 2.703e-05 -1.000 1.000e-04 4.478 4.995 4.854 4.621 4.468 4.341 4.056 4.025
9.8116e-05 -2.19174 10.07918 0.7470233440 2.3986757886    0.746  0.170  3.8095  4.331    1  0.000  0.530     0.00     0.00     0.00     0.00     0.00 -1 -1.94e-14      0.00 8.654e-01 1.345e-01 1.066e-05 2.934e-06 2.683e-05 -1.000 1.000e-04 4.345 4.849 4.711 4.484 4.335 4.209 3.930 3.900
9.8116e-05 -2.19174 10.07918 0.7500000000 2.3998889087    0.749  0.193  3.8108  4.314    1  0.000  0.529     0.00     0.00     0.00     0.00     0.00 -1 -1.57e-13      0.00 8.663e-01 1.336e-01 1.061e-05 2.925e-06 2.675e-05 -1.000 1.000e-04 4.286 4.784 4.648 4.424 4.275 4.151 3.874 3.844
9.8116e-05 -2.19174 10.07918 0.7512725592 2.4004041612    0.751  0.204  3.8114  4.307    1  0.000  0.529     0.00     0.00     0.00     0.00     0.00 -1 -1.61e-13      0.00 8.663e-01 1.336e-01 1.062e-05 2.927e-06 2.677e-05 -1.000 1.000e-04 4.261 4.757 4.621 4.398 4.250 4.126 3.850 3.820
9.8116e-05 -2.19174 10.07918 0.7593882084 2.4036434812    0.759  0.276  3.8149  4.254    1  0.000  0.529     0.00     0.00     0.00     0.00     0.00 -1 -2.01e-13      0.00 8.666e-01 1.334e-01 1.067e-05 2.941e-06 2.691e-05 -1.000 3.412e-06 4.081 4.560 4.429 4.211 4.068 3.947 3.677 3.648
9.8116e-05 -2.19174 10.07918 0.7647736669 2.4057494733    0.764  0.328  3.8169  4.212    1  0.000  0.528     0.00     0.00     0.00     0.00     0.00 -1 -2.38e-13      0.00 8.666e-01 1.334e-01 1.070e-05 2.951e-06 2.701e-05 -1.000 9.060e-05 3.949 4.419 4.290 4.076 3.934 3.815 3.549 3.521
9.8116e-05 -2.19174 10.07918 0.7698798180 2.4077149807    0.769  0.381  3.8184  4.168    1  0.000  0.528     0.00     0.00     0.00     0.00     0.00 -1 -2.81e-13      0.00 8.655e-01 1.344e-01 1.080e-05 2.978e-06 2.726e-05 -1.000 9.999e-05 3.817 4.280 4.152 3.940 3.801 3.683 3.420 3.392
9.8116e-05 -2.19174 10.07918 0.7740544677 2.4092997882    0.773  0.428  3.8189  4.126    1  0.000  0.528     0.00     0.00     0.00     0.00     0.00 -1 -3.29e-13      0.00 8.642e-01 1.357e-01 1.091e-05 3.007e-06 2.753e-05 -1.000 1.000e-04 3.701 4.158 4.032 3.822 3.683 3.566 3.304 3.276
9.8116e-05 -2.19174 10.07918 0.7755149603 2.4098495989    0.774  0.446  3.8185  4.107    1  0.000  0.528     0.00     0.00     0.00     0.00     0.00 -1 -3.51e-13      0.00 8.638e-01 1.361e-01 1.094e-05 3.017e-06 2.762e-05 -1.000 1.000e-04 3.654 4.112 3.985 3.774 3.635 3.518 3.256 3.228
9.8116e-05 -2.19174 10.07918 0.7794836164 2.4113316622    0.778  0.501  3.8165  4.047    1  0.000  0.528     0.00     0.00     0.00     0.00     0.00 -1 -4.24e-13      0.00 8.626e-01 1.373e-01 1.104e-05 3.044e-06 2.787e-05 -1.000 1.000e-04 3.519 3.979 3.851 3.639 3.498 3.380 3.115 3.087
9.8116e-05 -2.19174 10.07918 0.7822609544 2.4123585575    0.781  0.543  3.8136  3.994    1  0.000  0.528     0.00     0.00     0.00     0.00     0.00 -1 -4.96e-13      0.00 8.617e-01 1.382e-01 1.111e-05 3.063e-06 2.804e-05 -1.000 9.994e-05 3.412 3.879 3.749 3.534 3.391 3.271 3.002 2.973
9.8116e-05 -2.19174 10.07918 0.7828532457 2.4125764681    0.781  0.553  3.8129  3.982    1  0.000  0.528     0.00     0.00     0.00     0.00     0.00 -1 -5.15e-13      0.00 8.616e-01 1.383e-01 1.112e-05 3.067e-06 2.808e-05 -1.000 1.000e-04 3.388 3.857 3.727 3.510 3.367 3.246 2.976 2.947
9.8116e-05 -2.19174 10.07918 0.7834342718 2.4127898659    0.782  0.564  3.8115  3.966    1  0.000  0.528     0.00     0.00     0.00     0.00     0.00 -1 -5.37e-13      0.00 8.614e-01 1.385e-01 1.114e-05 3.071e-06 2.811e-05 -1.000 9.999e-05 3.360 3.834 3.702 3.483 3.339 3.217 2.945 2.916
9.8116e-05 -2.19174 10.07918 0.7853887677 2.4135050441    0.784  0.604  3.8057  3.903    2  0.000  0.528     0.00     0.00     0.00     0.00     0.00 -1 -6.32e-13      0.00 8.608e-01 1.391e-01 1.119e-05 3.084e-06 2.823e-05 -1.000 9.994e-05 3.260 3.752 3.615 3.388 3.237 3.112 2.831 2.800
9.8116e-05 -2.19174 10.07918 0.7868847847 2.4140496985    0.785  0.640  3.7986  3.840    2  0.000  0.528     0.00     0.00     0.00     0.00     0.00 -1 -7.37e-13      0.00 8.604e-01 1.395e-01 1.122e-05 3.094e-06 2.833e-05 -1.000 9.996e-05 3.171 3.687 3.542 3.305 3.148 3.017 2.725 2.692
9.8116e-05 -2.19174 10.07918 0.7880567312 2.4144747080    0.786  0.672  3.7902  3.774    2  0.000  0.528     0.00     0.00     0.00     0.00     0.00 -1 -8.57e-13      0.00 8.600e-01 1.399e-01 1.125e-05 3.102e-06 2.840e-05 -1.000 9.811e-05 3.089 3.636 3.482 3.233 3.067 2.930 2.624 2.589
9.8116e-05 -2.19174 10.07918 0.7890018225 2.4148163905    0.787  0.702  3.7811  3.708    2  0.000  0.528     0.00     0.00     0.00     0.00     0.00 -1  -9.9e-13      0.00 8.564e-01 1.436e-01 1.150e-05 3.170e-06 2.902e-05 -1.000 4.868e-05 3.014 3.596 3.432 3.169 2.994 2.850 2.529 2.492
9.8116e-05 -2.19174 10.07918 0.7897948027 2.4151023542    0.788  0.731  3.7722  3.645    2  0.000  0.530     0.00     0.00     0.00     0.00     0.00 -1 -1.14e-12      0.00 8.391e-01 1.608e-01 1.253e-05 3.449e-06 3.152e-05 -1.000 2.539e-05 2.943 3.561 3.385 3.108 2.924 2.775 2.440 2.399
9.8116e-05 -2.19174 10.07918 0.7904944420 2.4153541097    0.789  0.761  3.7641  3.583    2  0.000  0.533     0.00     0.00     0.00     0.00     0.00 -1 -1.31e-12      0.00 8.120e-01 1.879e-01 1.411e-05 3.872e-06 3.531e-05 -1.000 5.311e-05 2.869 3.521 3.335 3.045 2.852 2.697 2.349 2.307
9.8116e-05 -2.19174 10.07918 0.7911152244 2.4155770608    0.789  0.793  3.7572  3.523    2  0.000  0.535     0.00     0.00     0.00     0.00     0.00 -1 -1.51e-12      0.00 7.927e-01 2.073e-01 1.524e-05 4.174e-06 3.800e-05 -1.000 9.003e-05 2.787 3.471 3.276 2.974 2.774 2.614 2.255 2.210
9.8116e-05 -2.19174 10.07918 0.7917300463 2.4157974751    0.790  0.834  3.7510  3.457    2  0.000  0.536     0.00     0.00     0.00     0.00     0.00 -1 -1.78e-12      0.00 7.810e-01 2.189e-01 1.592e-05 4.356e-06 3.963e-05 -1.000 1.001e-04 2.685 3.398 3.193 2.882 2.675 2.510 2.140 2.094
9.8116e-05 -2.19174 10.07918 0.7922153473 2.4159711781    0.790  0.874  3.7470  3.402    2  0.000  0.536     0.00     0.00     0.00     0.00     0.00 -1 -2.08e-12      0.00 7.756e-01 2.243e-01 1.624e-05 4.441e-06 4.039e-05 -1.000 1.000e-04 2.585 3.318 3.108 2.789 2.578 2.411 2.034 1.987
9.8116e-05 -2.19174 10.07918 0.7925471067 2.4160897835    0.791  0.904  3.7446  3.362    2  0.000  0.536     0.00     0.00     0.00     0.00     0.00 -1 -2.34e-12      0.00 7.728e-01 2.271e-01 1.640e-05 4.484e-06 4.077e-05 -1.000 1.000e-04 2.510 3.255 3.041 2.718 2.504 2.335 1.954 1.907
9.8116e-05 -2.19174 10.07918 0.7928423285 2.4161952306    0.791  0.934  3.7430  3.326    3  0.000  0.537     0.00     0.00     0.00     0.00     0.00 -1 -2.61e-12      0.00 7.710e-01 2.289e-01 1.650e-05 4.509e-06 4.100e-05 -1.000 1.001e-04 2.434 3.187 2.971 2.646 2.430 2.260 1.876 1.828
9.8116e-05 -2.19174 10.07918 0.7932294011 2.4163333481    0.791  0.976  3.7409  3.276    3  0.000  0.537     0.00     0.00     0.00     0.00     0.00 -1 -3.04e-12      0.00 7.690e-01 2.310e-01 1.660e-05 4.538e-06 4.125e-05 -1.000 6.101e-05 2.331 3.093 2.874 2.546 2.328 2.156 1.769 1.720
9.8116e-05 -2.19174 10.07918 0.7936193347 2.4164723298    0.792  1.020  3.7390  3.225    3  0.000  0.537     0.00     0.00     0.00     0.00     0.00 -1 -3.57e-12      0.00 7.671e-01 2.329e-01 1.669e-05 4.562e-06 4.146e-05 -1.000 3.588e-05 2.221 2.992 2.771 2.440 2.220 2.047 1.657 1.607
9.8116e-05 -2.19174 10.07918 0.7939928174 2.4166053008    0.792  1.065  3.7374  3.174    3  0.000  0.537     0.00     0.00     0.00     0.00     0.00 -1  -4.2e-12      0.00 7.654e-01 2.346e-01 1.676e-05 4.581e-06 4.164e-05 -1.000 9.646e-05 2.109 2.889 2.665 2.331 2.110 1.936 1.543 1.493
9.8116e-05 -2.19174 10.07918 0.7943897247 2.4167464542    0.792  1.115  3.7356  3.116    3  0.000  0.537     0.00     0.00     0.00     0.00     0.00 -1 -5.04e-12      0.00 7.637e-01 2.362e-01 1.683e-05 4.599e-06 4.180e-05 -1.000 9.997e-05 1.982 2.771 2.545 2.208 1.985 1.810 1.415 1.364
9.8116e-05 -2.19174 10.07918 0.7947227955 2.4168647800    0.792  1.161  3.7341  3.065    3  0.000  0.537     0.00     0.00     0.00     0.00     0.00 -1 -5.94e-12      0.00 7.624e-01 2.375e-01 1.687e-05 4.611e-06 4.191e-05 -1.000 1.000e-04 1.868 2.664 2.436 2.098 1.873 1.697 1.299 1.248
9.8116e-05 -2.19174 10.07918 0.7950597405 2.4169843662    0.793  1.211  3.7326  3.009    3  0.000  0.537     0.00     0.00     0.00     0.00     0.00 -1  -7.1e-12      0.00 7.611e-01 2.388e-01 1.691e-05 4.623e-06 4.200e-05 -1.000 5.375e-05 1.743 2.547 2.317 1.976 1.750 1.573 1.173 1.122
9.8116e-05 -2.19174 10.07918 0.7953903079 2.4171015756    0.793  1.264  3.7309  2.949    3  0.000  0.537     0.00     0.00     0.00     0.00     0.00 -1 -8.59e-12      0.00 7.598e-01 2.401e-01 1.694e-05 4.634e-06 4.209e-05 -1.000 6.506e-05 1.611 2.422 2.190 1.847 1.619 1.441 1.039 0.986
9.8116e-05 -2.19174 10.07918 0.7956570983 2.4171960900    0.793  1.311  3.7295  2.896    3  0.000  0.536     0.00     0.00     0.00     0.00     0.00 -1 -1.02e-11      0.00 7.588e-01 2.411e-01 1.696e-05 4.642e-06 4.215e-05 -1.000 9.477e-05 1.493 2.312 2.078 1.733 1.503 1.325 0.920 0.867
9.8116e-05 -2.19174 10.07918 0.7959144711 2.4172871990    0.793  1.360  3.7280  2.841    3  0.000  0.536     0.00     0.00     0.00     0.00     0.00 -1 -1.21e-11      0.00 7.579e-01 2.420e-01 1.697e-05 4.651e-06 4.221e-05 -1.000 9.994e-05 1.371 2.197 1.961 1.613 1.382 1.203 0.795 0.742
9.8116e-05 -2.19174 10.07918 0.7961456180 2.4173689663    0.793  1.408  3.7265  2.787    3  0.000  0.535     0.00     0.00     0.00     0.00     0.00 -1 -1.44e-11      0.00 7.571e-01 2.428e-01 1.696e-05 4.661e-06 4.225e-05 -1.000 9.999e-05 1.251 2.085 1.846 1.496 1.264 1.084 0.674 0.620
9.8116e-05 -2.19174 10.07918 0.7963551283 2.4174430327    0.793  1.455  3.7249  2.734    3  0.000  0.535     0.00     0.00     0.00     0.00     0.00 -1 -1.71e-11      0.00 7.565e-01 2.434e-01 1.696e-05 4.671e-06 4.228e-05 -1.000 1.000e-04 1.132 1.974 1.733 1.381 1.147 0.966 0.553 0.499
9.8116e-05 -2.19174 10.07918 0.7965425253 2.4175092435    0.793  1.502  3.7235  2.681    3  0.000  0.534     0.00     0.00     0.00     0.00     0.00 -1 -2.03e-11      0.00 7.559e-01 2.440e-01 1.695e-05 4.681e-06 4.231e-05 -1.000 1.000e-04 1.015 1.864 1.622 1.267 1.032 0.849 0.435 0.380
9.8116e-05 -2.19174 10.07918 0.7967199087 2.4175718834    0.793  1.551  3.7219  2.626    3  0.000  0.533     0.00     0.00     0.00     0.00     0.00 -1 -2.41e-11      0.00 7.555e-01 2.444e-01 1.693e-05 4.692e-06 4.233e-05 -1.000 1.000e-04 0.893 1.751 1.506 1.150 0.913 0.729 0.312 0.257
9.8116e-05 -2.19174 10.07918 0.7968773842 2.4176274663    0.793  1.598  3.7203  2.573    3  0.000  0.533     0.00     0.00     0.00     0.00     0.00 -1 -2.86e-11      0.00 7.552e-01 2.447e-01 1.692e-05 4.702e-06 4.235e-05 -1.000 9.994e-05 0.776 1.642 1.395 1.036 0.797 0.613 0.193 0.138
9.8116e-05 -2.19174 10.07918 0.7970173359 2.4176768427    0.793  1.643  3.7188  2.521    3  0.000  0.532     0.00     0.00     0.00     0.00     0.00 -1 -3.37e-11      0.00 7.550e-01 2.449e-01 1.691e-05 4.710e-06 4.235e-05 -1.000 1.000e-04 0.661 1.537 1.287 0.925 0.685 0.500 0.078 0.022
9.8116e-05 -2.19174 10.07918 0.7971441150 2.4177215545    0.793  1.689  3.7173  2.470    3  0.000  0.532     0.00     0.00     0.00     0.00     0.00 -1 -3.97e-11      0.00 7.548e-01 2.451e-01 1.690e-05 4.715e-06 4.236e-05 -1.000 9.450e-05 0.549 1.433 1.181 0.816 0.575 0.388 -0.037 -0.093
9.8116e-05 -2.19174 10.07918 0.7972629666 2.4177634556    0.793  1.735  3.7157  2.417    3  0.000  0.532     0.00     0.00     0.00     0.00     0.00 -1 -4.69e-11      0.00 7.547e-01 2.452e-01 1.690e-05 4.718e-06 4.237e-05 -1.000 1.000e-04 0.434 1.328 1.073 0.705 0.461 0.274 -0.154 -0.211
9.8116e-05 -2.19174 10.07918 0.7973679304 2.4178004487    0.792  1.779  3.7141  2.366    3  0.000  0.532     0.00     0.00     0.00     0.00     0.00 -1 -5.51e-11      0.00 7.547e-01 2.452e-01 1.690e-05 4.719e-06 4.237e-05 -1.000 1.001e-04 0.322 1.227 0.969 0.598 0.352 0.164 -0.267 -0.324
9.8116e-05 -2.19174 10.07918 0.7974649072 2.4178346168    0.792  1.824  3.7125  2.315    3  0.000  0.532     0.00     0.00     0.00     0.00     0.00 -1 -6.47e-11      0.00 7.547e-01 2.452e-01 1.690e-05 4.719e-06 4.237e-05 -1.000 1.001e-04 0.211 1.126 0.864 0.490 0.243 0.053 -0.380 -0.438
9.8116e-05 -2.19174 10.07918 0.7975539565 2.4178659835    0.792  1.868  3.7109  2.264    3  0.000  0.532     0.00     0.00     0.00     0.00     0.00 -1 -7.61e-11      0.00 7.547e-01 2.452e-01 1.690e-05 4.719e-06 4.237e-05 -1.000 1.001e-04 0.100 1.026 0.761 0.384 0.135 -0.056 -0.492 -0.551
9.8116e-05 -2.19174 10.07918 0.7976330519 2.4178938372    0.792  1.911  3.7093  2.215    3  0.000  0.532     0.00     0.00     0.00     0.00     0.00 -1 -8.88e-11      0.00 7.547e-01 2.452e-01 1.690e-05 4.719e-06 4.237e-05 -1.000 1.000e-04 -0.006 0.930 0.663 0.282 0.031 -0.162 -0.600 -0.659
9.8116e-05 -2.19174 10.07918 0.7977061272 2.4179195652    0.792  1.953  3.7078  2.167    3  0.000  0.532     0.00     0.00     0.00     0.00     0.00 -1 -1.04e-10      0.00 7.547e-01 2.452e-01 1.690e-05 4.719e-06 4.237e-05 -1.000 1.000e-04 -0.113 0.835 0.564 0.180 -0.073 -0.267 -0.708 -0.768
9.8116e-05 -2.19174 10.07918 0.7977763414 2.4179442809    0.791  1.997  3.7061  2.116    3  0.000  0.532     0.00     0.00     0.00     0.00     0.00 -1 -1.22e-10      0.00 7.547e-01 2.452e-01 1.690e-05 4.720e-06 4.237e-05 -1.000 1.000e-04 -0.223 0.737 0.462 0.075 -0.181 -0.375 -0.820 -0.880
9.8116e-05 -2.19174 10.07918 0.7978364825 2.4179654468    0.791  2.038  3.7045  2.068    3  0.000  0.532     0.00     0.00     0.00     0.00     0.00 -1 -1.41e-10      0.00 7.547e-01 2.452e-01 1.690e-05 4.720e-06 4.237e-05 -1.000 9.999e-05 -0.325 0.647 0.368 -0.023 -0.280 -0.476 -0.924 -0.984
9.8116e-05 -2.19174 10.07918 0.7978920341 2.4179849942    0.790  2.079  3.7030  2.021    3  0.000  0.532     0.00     0.00     0.00     0.00     0.00 -1 -1.64e-10      0.00 7.547e-01 2.452e-01 1.690e-05 4.720e-06 4.237e-05 -1.000 1.001e-04 -0.428 0.556 0.275 -0.120 -0.380 -0.577 -1.027 -1.088
9.8116e-05 -2.19174 10.07918 0.7979452014 2.4180036997    0.790  2.121  3.7014  1.972    3  0.000  0.532     0.00     0.00     0.00     0.00     0.00 -1 -1.91e-10      0.00 7.547e-01 2.452e-01 1.690e-05 4.720e-06 4.237e-05 -1.000 1.000e-04 -0.533 0.463 0.177 -0.221 -0.483 -0.681 -1.134 -1.196
9.8116e-05 -2.19174 10.07918 0.7979915142 2.4180199913    0.790  2.161  3.6998  1.925    3  0.000  0.532     0.00     0.00     0.00     0.00     0.00 -1 -2.21e-10      0.00 7.547e-01 2.452e-01 1.690e-05 4.720e-06 4.237e-05 -1.000 1.001e-04 -0.632 0.377 0.087 -0.315 -0.579 -0.779 -1.235 -1.297
9.8116e-05 -2.19174 10.07918 0.7980349660 2.4180352745    0.789  2.200  3.6982  1.880    3  0.000  0.532     0.00     0.00     0.00     0.00     0.00 -1 -2.55e-10      0.00 7.547e-01 2.452e-01 1.690e-05 4.720e-06 4.237e-05 -1.000 1.000e-04 -0.731 0.291 -0.002 -0.408 -0.675 -0.876 -1.335 -1.398
9.8116e-05 -2.19174 10.07918 0.7980801463 2.4180511637    0.788  2.238  3.6968  1.836    3  0.000  0.532     0.00     0.00     0.00     0.00     0.00 -1 -2.93e-10      0.00 7.547e-01 2.452e-01 1.690e-05 4.720e-06 4.237e-05 -1.000 1.001e-04 -0.824 0.211 -0.087 -0.497 -0.765 -0.967 -1.429 -1.493
9.8116e-05 -2.19174 10.07918 0.7981302142 2.4180687693    0.788  2.268  3.6956  1.800    3  0.000  0.532     0.00     0.00     0.00     0.00     0.00 -1 -3.29e-10      0.00 7.547e-01 2.452e-01 1.690e-05 4.720e-06 4.237e-05 -1.000 9.999e-05 -0.901 0.144 -0.157 -0.570 -0.840 -1.043 -1.508 -1.571
9.8116e-05 -2.19174 10.07918 0.7981535792 2.4180769843    0.787  2.263  3.6960  1.807    3  0.000  0.532     0.00     0.00     0.00     0.00     0.00 -1 -3.25e-10      0.00 7.547e-01 2.452e-01 1.690e-05 4.720e-06 4.237e-05 -1.000 1.000e-04 -0.887 0.154 -0.145 -0.557 -0.827 -1.030 -1.494 -1.557
9.8116e-05 -2.19174 10.07918 0.7981594205 2.4180790380    0.787  2.270  3.6957  1.799    3  0.000  0.532     0.00     0.00     0.00     0.00     0.00 -1 -3.32e-10      0.00 7.547e-01 2.452e-01 1.690e-05 4.720e-06 4.237e-05 -1.000 1.000e-04 -0.904 0.139 -0.161 -0.573 -0.843 -1.046 -1.511 -1.574
9.8116e-05 -2.19174 10.07918 0.7981916666 2.4180903746    0.787  2.310  3.6940  1.752    3  0.000  0.532     0.00     0.00     0.00     0.00     0.00 -1 -3.81e-10      0.00 7.547e-01 2.452e-01 1.690e-05 4.720e-06 4.237e-05 -1.000 1.001e-04 -1.004 0.054 -0.250 -0.667 -0.940 -1.144 -1.612 -1.676
9.8116e-05 -2.19174 10.07918 0.7982242703 2.4181018358    0.786  2.352  3.6924  1.703    3  0.000  0.532     0.00     0.00     0.00     0.00     0.00 -1 -4.45e-10      0.00 7.547e-01 2.452e-01 1.690e-05 4.720e-06 4.237e-05 -1.000 1.000e-04 -1.111 -0.038 -0.347 -0.768 -1.043 -1.249 -1.720 -1.785
9.8116e-05 -2.19174 10.07918 0.7982519865 2.4181115780    0.785  2.391  3.6907  1.657    3  0.000  0.532     0.00     0.00     0.00     0.00     0.00 -1 -5.13e-10      0.00 7.546e-01 2.453e-01 1.690e-05 4.721e-06 4.237e-05 -1.000 9.997e-05 -1.207 -0.119 -0.432 -0.858 -1.135 -1.343 -1.818 -1.883
9.8116e-05 -2.19174 10.07918 0.7982791662 2.4181211309    0.785  2.431  3.6889  1.609    3  0.000  0.532     0.00     0.00     0.00     0.00     0.00 -1 -5.95e-10      0.00 7.546e-01 2.453e-01 1.690e-05 4.721e-06 4.237e-05 -1.000 1.000e-04 -1.308 -0.203 -0.521 -0.952 -1.232 -1.442 -1.920 -1.986
9.8116e-05 -2.19174 10.07918 0.7983045578 2.4181300547    0.784  2.472  3.6873  1.562    3  0.000  0.532     0.00     0.00     0.00     0.00     0.00 -1  -6.9e-10      0.00 7.546e-01 2.453e-01 1.690e-05 4.721e-06 4.238e-05 -1.000 9.999e-05 -1.409 -0.287 -0.611 -1.046 -1.329 -1.540 -2.022 -2.088
9.8116e-05 -2.19174 10.07918 0.7983267903 2.4181378676    0.783  2.510  3.6856  1.516    3  0.000  0.532     6.42     5.16     3.67     2.84     2.29  3 -7.94e-10      0.00 7.546e-01 2.453e-01 1.690e-05 4.721e-06 4.238e-05 -1.000 1.000e-04 -1.504 -0.364 -0.693 -1.134 -1.419 -1.632 -2.117 -2.184
9.8116e-05 -2.19174 10.07918 0.7983488441 2.4181456173    0.782  2.550  3.6837  1.468    3  0.000  0.532     7.11     5.62     3.99     3.08     2.49  3 -9.21e-10      0.00 7.546e-01 2.453e-01 1.690e-05 4.721e-06 4.238e-05 -1.000 1.001e-04 -1.604 -0.438 -0.777 -1.227 -1.516 -1.731 -2.220 -2.288
9.8116e-05 -2.19174 10.07918 0.7983683944 2.4181524868    0.781  2.588  3.6821  1.423    3  0.000  0.532     7.82     6.09     4.31     3.34     2.70  3 -1.06e-09      0.00 7.546e-01 2.453e-01 1.690e-05 4.721e-06 4.238e-05 -1.000 1.000e-04 -1.699 -0.508 -0.856 -1.314 -1.608 -1.825 -2.318 -2.387
9.8116e-05 -2.19174 10.07918 0.7983866334 2.4181588953    0.780  2.625  3.6804  1.378    3  0.000  0.532     8.60     6.61     4.65     3.61     2.92  3 -1.22e-09      0.00 7.546e-01 2.453e-01 1.690e-05 4.721e-06 4.238e-05 -1.000 9.997e-05 -1.793 -0.574 -0.933 -1.400 -1.698 -1.918 -2.415 -2.484
9.8116e-05 -2.19174 10.07918 0.7984039783 2.4181649893    0.779  2.664  3.6786  1.332    3  0.000  0.532     9.48     7.18     5.04     3.91     3.17  3  -1.4e-09      0.00 7.546e-01 2.453e-01 1.690e-05 4.721e-06 4.238e-05 -1.000 1.000e-04 -1.889 -0.637 -1.008 -1.486 -1.789 -2.012 -2.514 -2.583
9.8116e-05 -2.19174 10.07918 0.7984226942 2.4181715646    0.777  2.708  3.6767  1.279    3  0.000  0.532    10.60     7.90     5.51     4.29     3.47  3 -1.65e-09      0.00 7.546e-01 2.453e-01 1.690e-05 4.721e-06 4.238e-05 -1.000 9.993e-05 -2.000 -0.711 -1.096 -1.585 -1.894 -2.120 -2.628 -2.698
9.8116e-05 -2.19174 10.07918 0.7984377146 2.4181768413    0.776  2.746  3.6747  1.233    3  0.000  0.532    11.69     8.59     5.97     4.65     3.77  3  -1.9e-09      0.00 7.546e-01 2.453e-01 1.690e-05 4.721e-06 4.238e-05 -1.000 1.000e-04 -2.095 -0.765 -1.165 -1.668 -1.982 -2.212 -2.725 -2.797
9.8116e-05 -2.19174 10.07918 0.7984532118 2.4181822853    0.774  2.788  3.6728  1.182    3  0.000  0.532    13.01     9.41     6.52     5.08     4.12  2 -2.23e-09      0.00 7.546e-01 2.453e-01 1.690e-05 4.721e-06 4.238e-05 -1.000 1.000e-04 -2.200 -0.827 -1.243 -1.760 -2.081 -2.315 -2.834 -2.906
9.8116e-05 -2.19174 10.07918 0.7984660268 2.4181867869    0.773  2.825  3.6711  1.137    3  0.000  0.532    14.31    10.20     7.04     5.50     4.45  2 -2.56e-09      0.00 7.546e-01 2.453e-01 1.690e-05 4.721e-06 4.238e-05 -1.000 9.994e-05 -2.294 -0.878 -1.310 -1.840 -2.168 -2.405 -2.930 -3.003
9.8116e-05 -2.19174 10.07918 0.7984790802 2.4181913721    0.771  2.866  3.6689  1.087    3  0.000  0.532    15.91    11.16     7.67     6.00     4.86  2 -2.98e-09      0.00 7.546e-01 2.453e-01 1.690e-05 4.721e-06 4.238e-05 -1.000 1.001e-04 -2.395 -0.925 -1.376 -1.923 -2.259 -2.501 -3.034 -3.108
9.8116e-05 -2.19174 10.07918 0.7984898686 2.4181951615    0.769  2.902  3.6673  1.044    3  0.000  0.532    17.42    12.06     8.26     6.47     5.24  2  -3.4e-09      0.00 7.546e-01 2.453e-01 1.690e-05 4.721e-06 4.238e-05 -1.000 1.000e-04 -2.484 -0.970 -1.437 -1.998 -2.341 -2.587 -3.125 -3.200
9.8116e-05 -2.19174 10.07918 0.7985012531 2.4181991602    0.767  2.942  3.6652  0.994    3  0.000  0.532    19.34    13.18     8.99     7.05     5.71  2 -3.95e-09      0.00 7.546e-01 2.453e-01 1.690e-05 4.721e-06 4.238e-05 -1.000 1.000e-04 -2.584 -1.009 -1.498 -2.077 -2.430 -2.681 -3.228 -3.304
9.8116e-05 -2.19174 10.07918 0.7985127568 2.4182032006    0.764  2.985  3.6630  0.941    3  0.000  0.532    21.64    14.50     9.85     7.73     6.27  2 -4.65e-09      0.00 7.546e-01 2.453e-01 1.690e-05 4.721e-06 4.238e-05 -1.000 1.001e-04 -2.692 -1.043 -1.558 -2.160 -2.524 -2.781 -3.339 -3.416
9.8116e-05 -2.19174 10.07918 0.7985221744 2.4182065082    0.762  3.022  3.6611  0.894    3  0.000  0.532    23.87    15.77    10.67     8.39     6.80  1 -5.36e-09      0.00 7.546e-01 2.453e-01 1.690e-05 4.721e-06 4.238e-05 -1.000 1.000e-04 -2.785 -1.066 -1.606 -2.229 -2.605 -2.868 -3.435 -3.513
9.8116e-05 -2.19174 10.07918 0.7985301614 2.4182093133    0.760  3.056  3.6593  0.852    3  0.000  0.532    26.10    17.01    11.47     9.03     7.32  1 -6.09e-09      0.00 7.546e-01 2.453e-01 1.690e-05 4.721e-06 4.238e-05 -1.000 9.999e-05 -2.869 -1.079 -1.644 -2.288 -2.675 -2.944 -3.521 -3.600
9.8116e-05 -2.19174 10.07918 0.7985384464 2.4182122230    0.757  3.093  3.6575  0.806    3  0.000  0.532    28.73    18.45    12.39     9.77     7.92  1    -7e-09      0.00 7.546e-01 2.453e-01 1.690e-05 4.721e-06 4.238e-05 -1.000 1.001e-04 -2.962 -1.103 -1.691 -2.354 -2.753 -3.027 -3.614 -3.694
9.8116e-05 -2.19174 10.07918 0.7985469103 2.4182151955    0.753  3.132  3.6552  0.756    3  0.000  0.532    31.96    20.20    13.51    10.66     8.65  1 -8.14e-09      0.00 7.546e-01 2.453e-01 1.690e-05 4.721e-06 4.238e-05 -1.000 1.000e-04 -3.061 -1.139 -1.747 -2.426 -2.836 -3.115 -3.711 -3.793
9.8116e-05 -2.19174 10.07918 0.7985540628 2.4182177073    0.750  3.168  3.6533  0.711    3  0.000  0.532    35.14    21.89    14.59    11.53     9.35  1 -9.33e-09      0.00 7.546e-01 2.453e-01 1.690e-05 4.721e-06 4.238e-05 -1.000 1.000e-04 -3.150 -1.173 -1.798 -2.492 -2.910 -3.194 -3.799 -3.883
9.8116e-05 -2.19174 10.07918 0.7985612154 2.4182202191    0.746  3.205  3.6513  0.663    3  0.000  0.532    38.81    23.81    15.81    12.51    10.15  1 -1.08e-08      0.00 7.546e-01 2.453e-01 1.690e-05 4.721e-06 4.238e-05 -1.000 1.000e-04 -3.242 -1.206 -1.849 -2.558 -2.987 -3.275 -3.890 -3.975
9.8116e-05 -2.19174 10.07918 0.7985678911 2.4182225635    0.743  3.239  3.6494  0.620    3  0.000  0.532    42.51    25.72    17.01    13.48    10.94  1 -1.23e-08      0.00 7.546e-01 2.453e-01 1.690e-05 4.721e-06 4.238e-05 -1.000 1.001e-04 -3.326 -1.234 -1.894 -2.618 -3.056 -3.349 -3.973 -4.059
9.8116e-05 -2.19174 10.07918 0.7985697389 2.4182232123    0.741  3.247  3.6490  0.609    3  0.000  0.532    43.54    26.24    17.34    13.75    11.16  1 -1.27e-08      0.00 7.546e-01 2.453e-01 1.690e-05 4.721e-06 4.238e-05 -1.000 1.000e-04 -3.348 -1.241 -1.906 -2.633 -3.074 -3.368 -3.994 -4.080
9.8116e-05 -2.19174 10.07918 0.7985697389 2.4182232123    0.741  1.658  3.9482  3.395    4  0.000  0.533     0.00     0.00     0.00     0.00     0.00 -1    -1e-30      0.00 7.562e-01 2.437e-01 1.688e-05 4.684e-06 4.222e-05 -1.000 1.000e-04 0.626 0.717 0.713 0.698 0.685 0.674 0.646 0.637
9.8116e-05 -2.19174 10.07918 0.7985704541 2.4182234635    0.741  1.664  3.9443  3.373    4  0.000  0.533     0.00     0.00     0.00     0.00     0.00 -1    -1e-30      0.00 7.562e-01 2.437e-01 1.688e-05 4.684e-06 4.222e-05 -1.000 9.999e-05 0.609 0.693 0.687 0.669 0.655 0.642 0.611 0.601
9.8116e-05 -2.19174 10.07918 0.7986187339 2.4182404164    0.741  1.685  3.9336  3.309    4  0.000  0.533     0.00     0.00     0.00     0.00     0.00 -1    -1e-30      0.00 7.562e-01 2.437e-01 1.688e-05 4.684e-06 4.222e-05 -1.000 9.991e-05 0.558 0.626 0.614 0.589 0.570 0.552 0.510 0.499
9.8116e-05 -2.19174 10.07918 0.7986656427 2.4182568857    0.741  1.685  3.9337  3.310    4  0.000  0.533     0.00     0.00     0.00     0.00     0.00 -1    -1e-30      0.00 7.562e-01 2.437e-01 1.688e-05 4.684e-06 4.222e-05 -1.000 1.001e-04 0.557 0.625 0.614 0.589 0.570 0.552 0.510 0.499
9.8116e-05 -2.19174 10.07918 0.7987126708 2.4182733946    0.741  1.685  3.9339  3.311    4  0.000  0.533     0.00     0.00     0.00     0.00     0.00 -1    -1e-30      0.00 7.562e-01 2.437e-01 1.688e-05 4.684e-06 4.222e-05 -1.000 9.993e-05 0.557 0.625 0.614 0.589 0.570 0.553 0.511 0.499
9.8116e-05 -2.19174 10.07918 0.7987601757 2.4182900686    0.741  1.685  3.9339  3.311    4  0.000  0.533     0.00     0.00     0.00     0.00     0.00 -1    -1e-30      0.00 7.562e-01 2.437e-01 1.688e-05 4.684e-06 4.222e-05 -1.000 9.993e-05 0.557 0.625 0.614 0.589 0.570 0.553 0.511 0.500
9.8116e-05 -2.19174 10.07918 0.7988089919 2.4183072005    0.741  1.685  3.9337  3.309    4  0.000  0.533     0.00     0.00     0.00     0.00     0.00 -1    -1e-30      0.00 7.562e-01 2.437e-01 1.688e-05 4.684e-06 4.222e-05 -1.000 9.999e-05 0.557 0.625 0.613 0.588 0.569 0.551 0.509 0.498
9.8116e-05 -2.19174 10.07918 0.7988574505 2.4183242045    0.741  1.686  3.9331  3.307    4  0.000  0.533     0.00     0.00     0.00     0.00     0.00 -1    -1e-30      0.00 7.562e-01 2.437e-01 1.688e-05 4.684e-06 4.222e-05 -1.000 1.000e-04 0.556 0.623 0.611 0.586 0.567 0.549 0.505 0.494
9.8116e-05 -2.19174 10.07918 0.7989027500 2.4183400978    0.741  1.686  3.9323  3.303    4  0.000  0.533     0.00     0.00     0.00     0.00     0.00 -1    -1e-30      0.00 7.562e-01 2.437e-01 1.688e-05 4.684e-06 4.222e-05 -1.000 1.000e-04 0.555 0.621 0.609 0.582 0.563 0.544 0.500 0.489
9.8116e-05 -2.19174 10.07918 0.7989516258 2.4183572436    0.741  1.687  3.9311  3.298    4  0.000  0.533     0.00     0.00     0.00     0.00     0.00 -1    -1e-30      0.00 7.562e-01 2.437e-01 1.688e-05 4.684e-06 4.222e-05 -1.000 9.999e-05 0.553 0.618 0.605 0.578 0.558 0.539 0.493 0.482
9.8116e-05 -2.19174 10.07918 0.7989966869 2.4183730490    0.742  1.688  3.9297  3.291    4  0.000  0.533     0.00     0.00     0.00     0.00     0.00 -1    -1e-30      0.00 7.562e-01 2.437e-01 1.688e-05 4.684e-06 4.222e-05 -1.000 9.993e-05 0.550 0.614 0.600 0.572 0.551 0.531 0.484 0.472
9.8116e-05 -2.19174 10.07918 0.7990423441 2.4183890615    0.742  1.689  3.9278  3.282    4  0.000  0.533     0.00     0.00     0.00     0.00     0.00 -1    -1e-30      0.00 7.562e-01 2.437e-01 1.688e-05 4.684e-06 4.222e-05 -1.000 9.999e-05 0.547 0.610 0.595 0.565 0.543 0.522 0.473 0.461
9.8116e-05 -2.19174 10.07918 0.7990902662 2.4184058659    0.742  1.691  3.9254  3.271    4  0.000  0.533     0.00     0.00     0.00     0.00     0.00 -1    -1e-30      0.00 7.562e-01 2.437e-01 1.688e-05 4.684e-06 4.222e-05 -1.000 9.997e-05 0.543 0.605 0.589 0.557 0.533 0.511 0.459 0.446
9.8116e-05 -2.19174 10.07918 0.7991400957 2.4184233368    0.742  1.693  3.9225  3.257    4  0.000  0.533     0.00     0.00     0.00     0.00     0.00 -1    -1e-30      0.00 7.562e-01 2.437e-01 1.688e-05 4.684e-06 4.222e-05 -1.000 9.999e-05 0.538 0.599 0.581 0.546 0.521 0.497 0.441 0.428
9.8116e-05 -2.19174 10.07918 0.7991865873 2.4184396351    0.742  1.695  3.9192  3.242    4  0.000  0.533     0.00     0.00     0.00     0.00     0.00 -1    -1e-30      0.00 7.562e-01 2.437e-01 1.688e-05 4.684e-06 4.222e-05 -1.000 1.000e-04 0.532 0.592 0.572 0.534 0.507 0.482 0.421 0.408
9.8116e-05 -2.19174 10.07918 0.7992334962 2.4184560775    0.742  1.698  3.9154  3.224    4  0.000  0.533     0.00     0.00     0.00     0.00     0.00 -1    -1e-30      0.00 7.562e-01 2.437e-01 1.688e-05 4.684e-06 4.222e-05 -1.000 9.997e-05 0.526 0.587 0.565 0.522 0.492 0.464 0.399 0.385
9.8116e-05 -2.19174 10.07918 0.7992828488 2.4184733741    0.742  1.701  3.9109  3.203    4  0.000  0.533     0.00     0.00     0.00     0.00     0.00 -1    -1e-30      0.00 7.562e-01 2.437e-01 1.688e-05 4.684e-06 4.222e-05 -1.000 9.993e-05 0.518 0.581 0.555 0.508 0.475 0.444 0.372 0.358
9.8116e-05 -2.19174 10.07918 0.7993294001 2.4184896866    0.742  1.704  3.9062  3.181    4  0.000  0.533     0.00     0.00     0.00     0.00     0.00 -1    -1e-30      0.00 7.562e-01 2.437e-01 1.688e-05 4.684e-06 4.222e-05 -1.000 9.997e-05 0.509 0.577 0.547 0.495 0.458 0.424 0.345 0.330
9.8116e-05 -2.19174 10.07918 0.7993761301 2.4185060595    0.742  1.708  3.9008  3.155    4  0.000  0.533     0.00     0.00     0.00     0.00     0.00 -1    -1e-30      0.00 7.562e-01 2.437e-01 1.688e-05 4.684e-06 4.222e-05 -1.000 9.999e-05 0.500 0.573 0.539 0.480 0.439 0.401 0.314 0.298
9.8116e-05 -2.19174 10.07918 0.7994243503 2.4185229523    0.742  1.712  3.8947  3.127    4  0.000  0.533     0.00     0.00     0.00     0.00     0.00 -1    -1e-30      0.00 7.562e-01 2.437e-01 1.688e-05 4.684e-06 4.222e-05 -1.000 1.000e-04 0.489 0.572 0.534 0.466 0.420 0.377 0.280 0.264
9.8116e-05 -2.19174 10.07918 0.7994737029 2.4185402394    0.742  1.717  3.8879  3.095    4  0.000  0.533     0.00     0.00     0.00     0.00     0.00 -1    -1e-30      0.00 7.562e-01 2.437e-01 1.688e-05 4.684e-06 4.222e-05 -1.000 9.991e-05 0.478 0.575 0.530 0.451 0.399 0.351 0.243 0.226
9.8116e-05 -2.19174 10.07918 0.7995197177 2.4185563550    0.742  1.722  3.8810  3.063    4  0.000  0.533     0.00     0.00     0.00     0.00     0.00 -1    -1e-30      0.00 7.562e-01 2.437e-01 1.688e-05 4.684e-06 4.222e-05 -1.000 9.997e-05 0.466 0.582 0.530 0.440 0.381 0.327 0.207 0.189
9.8116e-05 -2.19174 10.07918 0.7995240688 2.4185578788    0.742  1.722  3.8803  3.059    4  0.000  0.533     0.00     0.00     0.00     0.00     0.00 -1    -1e-30      0.00 7.562e-01 2.437e-01 1.688e-05 4.684e-06 4.222e-05 -1.000 9.997e-05 0.464 0.583 0.530 0.439 0.379 0.325 0.203 0.185
9.8116e-05 -2.19174 10.07918 0.7995317578 2.4185605715    0.742  1.723  3.8792  3.054    4  0.000  0.533     0.00     0.00     0.00     0.00     0.00 -1    -1e-30      0.00 7.562e-01 2.437e-01 1.688e-05 4.684e-06 4.222e-05 -1.000 1.000e-04 0.462 0.584 0.531 0.437 0.377 0.321 0.197 0.179
9.8116e-05 -2.19174 10.07918 0.7995770574 2.4185764340    0.742  1.728  3.8726  3.023    4  0.000  0.533     0.00     0.00     0.00     0.00     0.00 -1    -1e-30      0.00 7.562e-01 2.437e-01 1.688e-05 4.684e-06 4.222e-05 -1.000 1.000e-04 0.451 0.592 0.532 0.428 0.361 0.300 0.164 0.145
9.8116e-05 -2.19174 10.07918 0.7996212244 2.4185918980    0.742  1.733  3.8655  2.990    4  0.000  0.533     0.00     0.00     0.00     0.00     0.00 -1    -1e-30      0.00 7.562e-01 2.437e-01 1.688e-05 4.684e-06 4.222e-05 -1.000 9.993e-05 0.438 0.602 0.536 0.421 0.346 0.279 0.130 0.110
9.8116e-05 -2.19174 10.07918 0.7996684313 2.4186084242    0.742  1.738  3.8575  2.952    4  0.000  0.533     0.00     0.00     0.00     0.00     0.00 -1    -1e-30      0.00 7.562e-01 2.437e-01 1.688e-05 4.684e-06 4.222e-05 -1.000 1.000e-04 0.424 0.615 0.541 0.414 0.331 0.257 0.093 0.071
9.8116e-05 -2.19174 10.07918 0.7997133732 2.4186241553    0.742  1.744  3.8492  2.913    4  0.000  0.533     0.00     0.00     0.00     0.00     0.00 -1    -1e-30      0.00 7.562e-01 2.437e-01 1.688e-05 4.684e-06 4.222e-05 -1.000 1.001e-04 0.410 0.630 0.549 0.409 0.317 0.237 0.056 0.033
9.8116e-05 -2.19174 10.07918 0.7997564077 2.4186392169    0.742  1.750  3.8408  2.874    4  0.000  0.533     0.00     0.00     0.00     0.00     0.00 -1    -1e-30      0.00 7.562e-01 2.437e-01 1.688e-05 4.684e-06 4.222e-05 -1.000 9.999e-05 0.395 0.645 0.557 0.405 0.304 0.217 0.020 -0.004
9.8116e-05 -2.19174 10.07918 0.7998008728 2.4186547772    0.742  1.756  3.8323  2.834    4  0.000  0.533     0.00     0.00     0.00     0.00     0.00 -1    -1e-30      0.00 7.562e-01 2.437e-01 1.688e-05 4.684e-06 4.222e-05 -1.000 9.993e-05 0.380 0.662 0.565 0.401 0.291 0.197 -0.016 -0.042
9.8116e-05 -2.19174 10.07918 0.7998445034 2.4186700436    0.742  1.762  3.8239  2.794    4  0.000  0.533     0.00     0.00     0.00     0.00     0.00 -1    -1e-30      0.00 7.562e-01 2.437e-01 1.688e-05 4.684e-06 4.222e-05 -1.000 9.991e-05 0.364 0.679 0.574 0.397 0.279 0.177 -0.051 -0.079
9.8116e-05 -2.19174 10.07918 0.7998885512 2.4186854540    0.743  1.769  3.8158  2.755    4  0.000  0.533     0.00     0.00     0.00     0.00     0.00 -1    -1e-30      0.00 7.562e-01 2.437e-01 1.688e-05 4.684e-06 4.222e-05 -1.000 9.993e-05 0.348 0.696 0.583 0.394 0.267 0.159 -0.085 -0.115
9.8116e-05 -2.19174 10.07918 0.7999327183 2.4187009041    0.743  1.775  3.8083  2.719    4  0.000  0.533     0.00     0.00     0.00     0.00     0.00 -1    -1e-30      0.00 7.562e-01 2.437e-01 1.688e-05 4.684e-06 4.222e-05 -1.000 9.991e-05 0.331 0.713 0.592 0.390 0.255 0.141 -0.117 -0.148
9.8116e-05 -2.19174 10.07918 0.7999771237 2.4187164357    0.743  1.784  3.7999  2.677    4  0.000  0.533     0.00     0.00     0.00     0.00     0.00 -1    -1e-30      0.00 7.562e-01 2.437e-01 1.688e-05 4.684e-06 4.222e-05 -1.000 9.993e-05 0.311 0.732 0.601 0.386 0.241 0.119 -0.154 -0.188
9.8116e-05 -2.19174 10.07918 0.7999859452 2.4187195209    0.743  1.786  3.7981  2.668    4  0.000  0.533     0.00     0.00     0.00     0.00     0.00 -1    -1e-30      0.00 7.562e-01 2.437e-01 1.688e-05 4.684e-06 4.222e-05 -1.000 9.991e-05 0.306 0.736 0.603 0.385 0.238 0.115 -0.162 -0.196
9.8116e-05 -2.19174 10.07918 0.8000315428 2.4187354670    0.743  1.796  3.7900  2.625    4  0.000  0.533     0.00     0.00     0.00     0.00     0.00 -1    -1e-30      0.00 7.562e-01 2.437e-01 1.688e-05 4.684e-06 4.222e-05 -1.000 9.999e-05 0.281 0.751 0.608 0.376 0.220 0.090 -0.202 -0.237
9.8116e-05 -2.19174 10.07918 0.8000764251 2.4187511609    0.743  1.810  3.7799  2.570    4  0.000  0.533     0.00     0.00     0.00     0.00     0.00 -1    -1e-30      0.00 7.562e-01 2.437e-01 1.688e-05 4.684e-06 4.222e-05 -1.000 1.000e-04 0.244 0.764 0.609 0.360 0.192 0.054 -0.256 -0.294
9.8116e-05 -2.19174 10.07918 0.8001142144 2.4187643730    0.743  1.836  3.7669  2.492    4  0.000  0.533     0.00     0.00     0.00     0.00     0.00 -1    -1e-30      0.00 7.562e-01 2.437e-01 1.688e-05 4.684e-06 4.222e-05 -1.000 9.991e-05 0.179 0.765 0.594 0.322 0.140 -0.007 -0.341 -0.383
9.8116e-05 -2.19174 10.07918 0.8001347184 2.4187715411    0.743  1.867  3.7553  2.415    4  0.000  0.533     0.00     0.00     0.00     0.00     0.00 -1    -1e-30      0.00 7.562e-01 2.437e-01 1.688e-05 4.684e-06 4.222e-05 -1.000 1.000e-04 0.101 0.749 0.562 0.270 0.075 -0.081 -0.436 -0.481
9.8116e-05 -2.19174 10.07918 0.8001438975 2.4187747500    0.743  1.899  3.7461  2.346    4  0.000  0.533     0.00     0.00     0.00     0.00     0.00 -1    -1e-30      0.00 7.562e-01 2.437e-01 1.688e-05 4.684e-06 4.222e-05 -1.000 9.999e-05 0.023 0.720 0.519 0.213 0.007 -0.156 -0.527 -0.575
9.8116e-05 -2.19174 10.07918 0.8001480699 2.4187762085    0.743  1.932  3.7383  2.282    4  0.000  0.533     0.00     0.00     0.00     0.00     0.00 -1    -1e-30      0.00 7.562e-01 2.437e-01 1.688e-05 4.684e-06 4.222e-05 -1.000 9.999e-05 -0.061 0.681 0.468 0.148 -0.067 -0.236 -0.621 -0.670
9.8116e-05 -2.19174 10.07918 0.8001500368 2.4187768961    0.743  1.963  3.7325  2.228    4  0.000  0.533     0.00     0.00     0.00     0.00     0.00 -1    -1e-30      0.00 7.562e-01 2.437e-01 1.688e-05 4.684e-06 4.222e-05 -1.000 9.999e-05 -0.139 0.637 0.415 0.083 -0.138 -0.312 -0.707 -0.758
9.8116e-05 -2.19174 10.07918 0.8001508117 2.4187771670    0.743  1.984  3.7294  2.195    7  0.000  0.533     0.00     0.00     0.00     0.00     0.00 -1    -1e-30      0.00 7.562e-01 2.437e-01 1.688e-05 4.684e-06 4.222e-05 -1.000 9.999e-05 -0.189 0.605 0.378 0.040 -0.185 -0.361 -0.761 -0.814
9.8116e-05 -2.19174 10.07918 0.8001510501 2.4187772503    0.743  1.993  3.7283  2.181    7  0.000  0.533     0.00     0.00     0.00     0.00     0.00 -1    -1e-30      0.00 7.562e-01 2.437e-01 1.688e-05 4.684e-06 4.222e-05 -1.000 9.999e-05 -0.212 0.590 0.360 0.020 -0.206 -0.383 -0.786 -0.839
9.8116e-05 -2.19174 10.07918 0.8001519442 2.4187775629    0.743  2.032  3.7241  2.125    7  0.000  0.533     0.00     0.00     0.00     0.00     0.00 -1    -1e-30      0.00 7.562e-01 2.437e-01 1.688e-05 4.684e-06 4.222e-05 -1.000 9.990e-05 -0.311 0.517 0.280 -0.068 -0.300 -0.480 -0.890 -0.944
9.8116e-05 -2.19174 10.07918 0.8001527786 2.4187778546    0.743  2.072  3.7205  2.070    7  0.000  0.533     0.00     0.00     0.00     0.00     0.00 -1    -1e-30      0.00 7.562e-01 2.437e-01 1.688e-05 4.684e-06 4.222e-05 -1.000 1.000e-04 -0.411 0.440 0.196 -0.159 -0.395 -0.577 -0.994 -1.049
9.8116e-05 -2.19174 10.07918 0.8001536131 2.4187781463    0.743  2.112  3.7172  2.017    7  0.000  0.533     0.00     0.00     0.00     0.00     0.00 -1    -1e-30      0.00 7.562e-01 2.437e-01 1.688e-05 4.684e-06 4.222e-05 -1.000 9.999e-05 -0.511 0.362 0.112 -0.250 -0.490 -0.675 -1.097 -1.154
9.8116e-05 -2.19174 10.07918 0.8001544476 2.4187784380    0.743  2.150  3.7145  1.969    7  0.000  0.533     0.00     0.00     0.00     0.00     0.00 -1    -1e-30      0.00 7.562e-01 2.437e-01 1.688e-05 4.684e-06 4.222e-05 -1.000 9.999e-05 -0.604 0.289 0.033 -0.335 -0.578 -0.766 -1.193 -1.251
9.8116e-05 -2.19174 10.07918 0.8001558185 2.4187789172    0.743  2.173  3.7130  1.940    7  0.000  0.533     0.00     0.00     0.00     0.00     0.00 -1    -1e-30      0.00 7.562e-01 2.437e-01 1.688e-05 4.684e-06 4.222e-05 -1.000 9.990e-05 -0.662 0.241 -0.018 -0.389 -0.635 -0.823 -1.253 -1.311
9.8116e-05 -2.19174 10.07918 0.8001583219 2.4187797923    0.743  2.153  3.7146  1.966    7  0.000  0.533     0.00     0.00     0.00     0.00     0.00 -1    -1e-30      0.00 7.562e-01 2.437e-01 1.688e-05 4.684e-06 4.222e-05 -1.000 1.000e-04 -0.613 0.279 0.023 -0.344 -0.587 -0.775 -1.202 -1.259
9.8116e-05 -2.19174 10.07918 0.8001741767 2.4187853344    0.743  2.143  3.7149  1.977    7  0.000  0.533     0.00     0.00     0.00     0.00     0.00 -1    -1e-30      0.00 7.562e-01 2.437e-01 1.688e-05 4.684e-06 4.222e-05 -1.000 9.993e-05 -0.587 0.302 0.047 -0.319 -0.563 -0.750 -1.176 -1.234
9.8116e-05 -2.19174 10.07918 0.8001891375 2.4187905638    0.743  2.174  3.7124  1.936    7  0.000  0.533     0.00     0.00     0.00     0.00     0.00 -1    -1e-30      0.00 7.562e-01 2.437e-01 1.688e-05 4.684e-06 4.222e-05 -1.000 9.991e-05 -0.666 0.242 -0.018 -0.391 -0.637 -0.826 -1.258 -1.316
9.8116e-05 -2.19174 10.07918 0.8002071977 2.4187968763    0.743  2.222  3.7091  1.876    7  0.000  0.533     0.00     0.00     0.00     0.00     0.00 -1    -1e-30      0.00 7.562e-01 2.437e-01 1.688e-05 4.684e-06 4.222e-05 -1.000 9.990e-05 -0.784 0.148 -0.119 -0.499 -0.750 -0.942 -1.380 -1.439
9.8116e-05 -2.19174 10.07918 0.8002245426 2.4188029384    0.743  2.263  3.7064  1.823    7  0.000  0.533     0.00     0.00     0.00     0.00     0.00 -1    -1e-30      0.00 7.562e-01 2.437e-01 1.688e-05 4.684e-06 4.222e-05 -1.000 9.999e-05 -0.888 0.065 -0.209 -0.596 -0.850 -1.044 -1.487 -1.547
9.8116e-05 -2.19174 10.07918 0.8002404571 2.4188085003    0.743  2.305  3.7039  1.772    7  0.000  0.533     0.00     0.00     0.00     0.00     0.00 -1    -1e-30      0.00 7.562e-01 2.437e-01 1.688e-05 4.684e-06 4.222e-05 -1.000 9.999e-05 -0.991 -0.018 -0.298 -0.691 -0.949 -1.145 -1.593 -1.654
9.8116e-05 -2.19174 10.07918 0.8002547622 2.4188134996    0.743  2.346  3.7015  1.721    7  0.000  0.533     0.00     0.00     0.00     0.00     0.00 -1    -1e-30      0.00 7.562e-01 2.437e-01 1.688e-05 4.685e-06 4.222e-05 -1.000 9.993e-05 -1.094 -0.101 -0.387 -0.786 -1.047 -1.246 -1.698 -1.760
9.8116e-05 -2.19174 10.07918 0.8002675176 2.4188179571    0.743  2.387  3.6992  1.670    7  0.000  0.533     0.00     0.00     0.00     0.00     0.00 -1    -1e-30      0.00 7.562e-01 2.437e-01 1.687e-05 4.687e-06 4.222e-05 -1.000 9.999e-05 -1.198 -0.185 -0.477 -0.881 -1.146 -1.347 -1.804 -1.866
9.8116e-05 -2.19174 10.07918 0.8002787232 2.4188218729    0.743  2.428  3.6969  1.620    7  0.000  0.531     0.00     0.00     0.00     0.00     0.00 -1    -1e-30      0.00 7.562e-01 2.437e-01 1.681e-05 4.709e-06 4.222e-05 -1.000 9.558e-05 -1.301 -0.268 -0.566 -0.976 -1.244 -1.447 -1.909 -1.972
9.8116e-05 -2.19174 10.07918 0.8002885580 2.4188253095    0.743  2.469  3.6946  1.570    7  0.000  0.524     0.00     0.00     0.00     0.00     0.00 -1    -1e-30      0.00 7.561e-01 2.438e-01 1.661e-05 4.858e-06 4.222e-05 -1.000 9.355e-05 -1.403 -0.350 -0.654 -1.070 -1.342 -1.546 -2.012 -2.076
9.8116e-05 -2.19174 10.07918 0.8002974987 2.4188284336    0.743  2.510  3.6924  1.520    7  0.000  0.510     6.26     5.05     3.60     2.78     2.25  3    -1e-30      0.00 7.560e-01 2.439e-01 1.616e-05 5.335e-06 4.223e-05 -1.000 9.890e-05 -1.506 -0.432 -0.742 -1.164 -1.439 -1.646 -2.117 -2.181
9.8116e-05 -2.19174 10.07918 0.8003056049 2.4188312661    0.743  2.551  3.6902  1.471    7  0.000  0.493     6.96     5.53     3.92     3.03     2.45  3    -1e-30      0.00 7.559e-01 2.440e-01 1.562e-05 5.991e-06 4.224e-05 -1.000 1.000e-04 -1.607 -0.514 -0.829 -1.258 -1.536 -1.745 -2.220 -2.286
9.8116e-05 -2.19174 10.07918 0.8003131151 2.4188338902    0.743  2.591  3.6880  1.421    7  0.000  0.477     7.73     6.04     4.26     3.31     2.68  3    -1e-30      0.00 7.557e-01 2.442e-01 1.512e-05 6.603e-06 4.225e-05 -1.000 1.000e-04 -1.709 -0.592 -0.915 -1.349 -1.632 -1.842 -2.323 -2.389
9.8116e-05 -2.19174 10.07918 0.8003200293 2.4188363061    0.743  2.632  3.6858  1.372    7  0.000  0.463     8.58     6.60     4.64     3.61     2.92  3    -1e-30      0.00 7.555e-01 2.444e-01 1.468e-05 7.141e-06 4.227e-05 -1.000 1.000e-04 -1.810 -0.669 -0.999 -1.441 -1.727 -1.940 -2.425 -2.493
9.8116e-05 -2.19174 10.07918 0.8003265858 2.4188385969    0.743  2.672  3.6836  1.323    7  0.000  0.452     9.53     7.22     5.05     3.93     3.18  3    -1e-30      0.00 7.553e-01 2.446e-01 1.432e-05 7.595e-06 4.228e-05 -1.000 9.996e-05 -1.911 -0.737 -1.080 -1.532 -1.823 -2.039 -2.530 -2.598
9.8116e-05 -2.19174 10.07918 0.8003328443 2.4188407835    0.743  2.713  3.6814  1.274    7  0.000  0.442    10.57     7.89     5.50     4.29     3.47  3    -1e-30      0.00 7.550e-01 2.449e-01 1.400e-05 7.990e-06 4.227e-05 -1.000 1.000e-04 -2.012 -0.802 -1.158 -1.623 -1.919 -2.139 -2.635 -2.703
9.8116e-05 -2.19174 10.07918 0.8003388643 2.4188428869    0.743  2.753  3.6792  1.225    7  0.000  0.433    11.74     8.62     5.99     4.67     3.78  2    -1e-30      0.00 7.548e-01 2.451e-01 1.372e-05 8.332e-06 4.227e-05 -1.000 9.991e-05 -2.113 -0.864 -1.235 -1.712 -2.015 -2.238 -2.739 -2.809
9.8116e-05 -2.19174 10.07918 0.8003445864 2.4188448860    0.743  2.794  3.6770  1.174    7  0.000  0.425    13.07     9.44     6.53     5.10     4.13  2    -1e-30      0.00 7.545e-01 2.454e-01 1.348e-05 8.638e-06 4.224e-05 -1.000 1.000e-04 -2.216 -0.922 -1.309 -1.801 -2.111 -2.337 -2.846 -2.916
9.8116e-05 -2.19174 10.07918 0.8003494740 2.4188465936    0.743  2.836  3.6747  1.124    7  0.000  0.419    14.55    10.35     7.13     5.58     4.51  2    -1e-30      0.00 7.542e-01 2.457e-01 1.327e-05 8.909e-06 4.219e-05 -1.000 1.000e-04 -2.320 -0.976 -1.382 -1.889 -2.206 -2.438 -2.953 -3.024
9.8116e-05 -2.19174 10.07918 0.8003537059 2.4188480721    0.743  2.877  3.6724  1.073    7  0.000  0.414    16.20    11.33     7.78     6.09     4.93  2    -1e-30      0.00 7.539e-01 2.460e-01 1.309e-05 9.154e-06 4.211e-05 -1.000 9.993e-05 -2.422 -1.025 -1.450 -1.975 -2.301 -2.536 -3.059 -3.132
9.8116e-05 -2.19174 10.07918 0.8003572226 2.4188493007    0.743  2.918  3.6700  1.023    7  0.000  0.411    18.02    12.41     8.48     6.65     5.39  2    -1e-30      0.00 7.537e-01 2.462e-01 1.293e-05 9.400e-06 4.199e-05 -1.000 9.999e-05 -2.525 -1.070 -1.516 -2.059 -2.394 -2.634 -3.165 -3.239
9.8116e-05 -2.19174 10.07918 0.8003604412 2.4188504252    0.743  2.958  3.6677  0.974    7  0.000  0.408    20.01    13.56     9.23     7.25     5.87  2    -1e-30      0.00 7.534e-01 2.465e-01 1.280e-05 9.648e-06 4.184e-05 -1.000 9.075e-05 -2.624 -1.105 -1.575 -2.137 -2.482 -2.728 -3.268 -3.342
9.8116e-05 -2.19174 10.07918 0.8003637791 2.4188515913    0.743  2.998  3.6654  0.924    7  0.000  0.406    22.24    14.83    10.06     7.91     6.41  1    -1e-30      0.00 7.532e-01 2.467e-01 1.270e-05 9.883e-06 4.169e-05 -1.000 9.988e-05 -2.725 -1.132 -1.628 -2.213 -2.569 -2.822 -3.372 -3.448
9.8116e-05 -2.19174 10.07918 0.8003667593 2.4188526324    0.743  3.043  3.6628  0.869    7  0.000  0.405    25.02    16.39    11.06     8.71     7.06  1    -1e-30      0.00 7.529e-01 2.470e-01 1.262e-05 1.012e-05 4.153e-05 -1.000 1.000e-04 -2.837 -1.154 -1.682 -2.294 -2.665 -2.925 -3.487 -3.564
9.8116e-05 -2.19174 10.07918 0.8003681302 2.4188531114    0.743  3.069  3.6612  0.837    7  0.000  0.404    26.78    17.37    11.69     9.22     7.47  1    -1e-30      0.00 7.527e-01 2.472e-01 1.255e-05 1.034e-05 4.137e-05 -1.000 9.990e-05 -2.902 -1.162 -1.710 -2.339 -2.719 -2.983 -3.553 -3.632
9.8116e-05 -2.19174 10.07918 0.8003685474 2.4188532571    0.743  3.046  3.6626  0.866    7  0.000  0.404    25.21    16.50    11.13     8.77     7.11  1    -1e-30      0.00 7.526e-01 2.473e-01 1.251e-05 1.047e-05 4.127e-05 -1.000 9.993e-05 -2.845 -1.157 -1.687 -2.300 -2.671 -2.932 -3.495 -3.572
9.8116e-05 -2.19174 10.07918 0.8003686666 2.4188532988    0.743  3.042  3.6628  0.870    7  0.000  0.404    24.98    16.37    11.05     8.70     7.05  1    -1e-30      0.00 7.526e-01 2.473e-01 1.251e-05 1.047e-05 4.127e-05 -1.000 9.996e-05 -2.836 -1.156 -1.683 -2.294 -2.664 -2.924 -3.486 -3.563
9.8116e-05 -2.19174 10.07918 0.8003687263 2.4188533196    0.743  3.042  3.6628  0.871    7  0.000  0.404    24.94    16.35    11.04     8.69     7.04  1    -1e-30      0.00 7.526e-01 2.473e-01 1.251e-05 1.048e-05 4.127e-05 -1.000 9.993e-05 -2.834 -1.155 -1.682 -2.292 -2.663 -2.922 -3.484 -3.562
9.8116e-05 -2.19174 10.07918 0.8003688455 2.4188533613    0.743  3.058  3.6619  0.850    7  0.000  0.404    26.03    16.96    11.43     9.00     7.30  1    -1e-30      0.00 7.526e-01 2.473e-01 1.251e-05 1.048e-05 4.126e-05 -1.000 9.997e-05 -2.875 -1.160 -1.699 -2.321 -2.697 -2.959 -3.526 -3.604
9.8116e-05 -2.19174 10.07918 0.8003689051 2.4188533821    0.743  3.070  3.6611  0.835    7  0.000  0.404    26.88    17.42    11.73     9.24     7.50  1    -1e-30      0.00 7.526e-01 2.473e-01 1.251e-05 1.048e-05 4.126e-05 -1.000 1.000e-04 -2.905 -1.163 -1.712 -2.341 -2.722 -2.987 -3.557 -3.636
9.8116e-05 -2.19174 10.07918 0.8003690839 2.4188534445    0.743  3.094  3.6596  0.806    7  0.000  0.404    28.64    18.39    12.35     9.74     7.90  1    -1e-30      0.00 7.526e-01 2.473e-01 1.250e-05 1.050e-05 4.125e-05 -1.000 9.999e-05 -2.965 -1.166 -1.734 -2.381 -2.770 -3.040 -3.618 -3.698
9.8116e-05 -2.19174 10.07918 0.8003692627 2.4188535070    0.743  3.134  3.6571  0.755    7  0.000  0.403    31.88    20.14    13.47    10.64     8.63  1    -1e-30      0.00 7.522e-01 2.477e-01 1.239e-05 1.090e-05 4.096e-05 -1.000 1.000e-04 -3.065 -1.178 -1.776 -2.447 -2.851 -3.128 -3.719 -3.800
9.8116e-05 -2.19174 10.07918 0.8003696203 2.4188536319    0.743  3.187  3.6536  0.688    7  0.000  0.403    36.78    22.74    15.13    11.97     9.71  1    -1e-30      0.00 7.517e-01 2.482e-01 1.228e-05 1.134e-05 4.062e-05 -1.000 1.001e-04 -3.199 -1.218 -1.845 -2.540 -2.959 -3.243 -3.849 -3.933
9.8116e-05 -2.19174 10.07918 0.8003701568 2.4188538194    0.743  3.238  3.6503  0.624    7  0.523  0.403    42.11    25.51    16.88    13.38    10.86  1    -1e-30      0.00 7.513e-01 2.486e-01 1.217e-05 1.176e-05 4.029e-05 -1.000 1.001e-04 -3.325 -1.251 -1.906 -2.626 -3.061 -3.352 -3.973 -4.058
9.8116e-05 -2.19174 10.07918 0.8003704548 2.4188539235    0.743  3.249  3.6477  0.603    8  0.521  0.416    44.07    26.52    17.52    13.89    11.27  1 -4.47e-07      0.00 7.511e-01 2.487e-01 1.270e-05 1.188e-05 4.069e-05 -1.000 1.417e-04 -3.352 -1.217 -1.889 -2.623 -3.068 -3.364 -3.995 -4.081
9.8116e-05 -2.19174 10.07918 0.8003705144 2.4188539443    0.741  3.033  3.6611  0.871    8  0.521  0.416    24.91    16.33    11.02     8.68     7.04  1 -1.89e-07      0.00 7.511e-01 2.487e-01 1.270e-05 1.188e-05 4.069e-05 -1.000 1.417e-04 -2.813 -1.083 -1.627 -2.253 -2.631 -2.895 -3.464 -3.542
9.8116e-05 -2.19174 10.07918 0.8003706336 2.4188539859    0.739  2.877  3.6705  1.063    8  0.521  0.416    16.52    11.52     7.90     6.19     5.01  2 -1.07e-07      0.00 7.511e-01 2.487e-01 1.270e-05 1.188e-05 4.069e-05 -1.000 1.418e-04 -2.422 -0.983 -1.424 -1.961 -2.293 -2.532 -3.061 -3.134
9.8116e-05 -2.19174 10.07918 0.8003708720 2.4188540692    0.733  2.654  3.6839  1.336    8  0.521  0.416     9.22     7.02     4.92     3.83     3.10  3 -5.14e-08      0.00 7.511e-01 2.487e-01 1.270e-05 1.188e-05 4.069e-05 -1.000 1.417e-04 -1.866 -0.696 -1.037 -1.488 -1.779 -1.994 -2.484 -2.552
9.8116e-05 -2.19174 10.07918 0.8003711104 2.4188541525    0.726  2.657  3.6835  1.328    8  0.522  0.416     9.36     7.11     4.98     3.88     3.14  3 -5.24e-08      0.00 7.511e-01 2.487e-01 1.270e-05 1.188e-05 4.069e-05 -1.000 1.418e-04 -1.873 -0.697 -1.040 -1.493 -1.785 -2.001 -2.492 -2.560
9.8116e-05 -2.19174 10.07918 0.8003715277 2.4188542983    0.716  2.725  3.6791  1.236    8  0.522  0.416    11.34     8.37     5.82     4.54     3.67  2 -6.61e-08      0.00 7.511e-01 2.487e-01 1.270e-05 1.188e-05 4.069e-05 -1.000 1.418e-04 -2.044 -0.793 -1.164 -1.642 -1.945 -2.168 -2.670 -2.740
9.8116e-05 -2.19174 10.07918 0.8003719449 2.4188544440    0.705  2.909  3.6676  1.000    8  0.522  0.416    18.68    12.76     8.70     6.84     5.54  2 -1.26e-07      0.00 7.511e-01 2.487e-01 1.270e-05 1.188e-05 4.069e-05 -1.000 1.417e-04 -2.502 -0.987 -1.455 -2.016 -2.359 -2.605 -3.144 -3.219
9.8116e-05 -2.19174 10.07918 0.8003724813 2.4188546314    0.692  3.077  3.6570  0.781    8  0.522  0.416    29.68    18.87    12.64    10.00     8.10  1 -2.44e-07      0.00 7.511e-01 2.487e-01 1.270e-05 1.188e-05 4.069e-05 -1.000 1.417e-04 -2.923 -1.046 -1.641 -2.308 -2.711 -2.986 -3.576 -3.657
9.8116e-05 -2.19174 10.07918 0.8003730774 2.4188548397    0.678  3.188  3.6499  0.632    8  0.523  0.416    40.62    24.57    16.25    12.92    10.47  1 -3.95e-07      0.00 7.511e-01 2.487e-01 1.270e-05 1.188e-05 4.069e-05 -1.000 1.417e-04 -3.201 -1.123 -1.779 -2.499 -2.935 -3.226 -3.848 -3.934
9.8116e-05 -2.19174 10.07918 0.8003737330 2.4188550687    0.662  3.247  3.6459  0.548    8  0.523  0.416    48.45    28.45    18.68    14.89    12.08  1 -5.25e-07      0.00 7.511e-01 2.487e-01 1.270e-05 1.188e-05 4.069e-05 -1.000 1.417e-04 -3.347 -1.150 -1.841 -2.591 -3.047 -3.347 -3.988 -4.076
9.8116e-05 -2.19174 10.07918 0.8003745079 2.4188553394    0.645  3.272  3.6439  0.503    8  0.524  0.416    53.05    30.63    20.04    16.00    12.98  1 -6.09e-07      0.00 7.511e-01 2.487e-01 1.270e-05 1.188e-05 4.069e-05 -1.000 1.417e-04 -3.410 -1.149 -1.859 -2.625 -3.091 -3.396 -4.048 -4.137
9.8116e-05 -2.19174 10.07918 0.8003753424 2.4188556309    0.626  3.283  3.6427  0.475    8  0.524  0.416    56.07    31.99    20.87    16.70    13.54  0 -6.67e-07      0.00 7.511e-01 2.487e-01 1.270e-05 1.188e-05 4.069e-05 -1.000 1.417e-04 -3.437 -1.134 -1.856 -2.632 -3.106 -3.415 -4.073 -4.164
9.8116e-05 -2.19174 10.07918 0.8003792167 2.4188569844    0.526 -9.999  4.0000  1.882    9  0.526  0.000     0.00     0.00     0.00     0.00     0.00 -1    -1e-30      0.00 7.511e-01 2.487e-01 1.270e-05 1.188e-05 4.069e-05 -1.000 1.417e-04 29.767 30.038 30.071 30.076 30.070 30.068 30.067 30.055
#isochrone terminated
