# File generated by CMD 3.9 (http://stev.oapd.inaf.it/cmd) on Sun Jun  7 20:19:15 UTC 2026
# isochrones based on PARSEC release v1.2S +  COLIBRI S_37 + S_35 + PR16
# Basic references: Bressan et al. (2012), MNRAS, 427, 127 + Chen et al. (2014, 2015), MNRAS, 444, 2525 + MNRAS, 452, 1068 + Tang et al. (2014), MNRAS, 445, 4287 + Marigo et al. (2017), ApJ, 835, 77 + Pastorelli al. (2019), MNRAS, 485, 5666 + Pastorelli al. (2020), MNRAS, in press
# Thermal pulse cycles included 
# On RGB, assumed Reimers mass loss with efficiency eta=0.2
# LPV periods and growth rates added cf. Trabucchi et al. (2019)
# but fundamental-mode LPV periods + transition are from Trabucchi et al. (2021)
# Photometric system: HST/ACS WFC - updated filters and zeropoints, 2021
# Using YBC version of bolometric corrections as in Chen et al. (2019)
# O-rich circumstellar dpmod60alox40 dust from Groenewegen (2006)
# C-rich circumstellar AMCSIC15 dust from Groenewegen (2006)
# IMF: Kroupa (2001, 2002) + Kroupa et al. (2013) canonical two-part-power law IMF corrected for unresolved binaries 
# Kind of output: isochrone tables
# Zini     MH   logAge Mini        int_IMF         Mass   logL    logTe  logg  label   McoreTP C_O  period0  period1  period2  period3  period4  pmode  Mloss  tau1m   X   Y   Xc  Xn  Xo  Cexcess  Z 	 mbolmag  F435Wmag  F475Wmag  F555Wmag  F606Wmag  F625Wmag  F775Wmag  F814Wmag
0.00097797 -1.20000 10.07918 0.0900000036 1.0816895926    0.090 -3.211  3.4575  5.385    1  0.000  0.545     0.00     0.00     0.00     0.00     0.00 -1 -5.24e-17      0.00 7.467e-01 2.523e-01 1.769e-04 4.773e-05 4.329e-04 -1.000 9.839e-04 12.796 18.133 17.097 16.160 15.224 14.848 12.570 12.275
0.00097797 -1.20000 10.07918 0.0979273915 1.1535562002    0.098 -3.006  3.4867  5.333    1  0.000  0.545     0.00     0.00     0.00     0.00     0.00 -1 -8.55e-17      0.00 7.456e-01 2.534e-01 1.769e-04 4.773e-05 4.329e-04 -1.000 9.839e-04 12.284 16.701 15.841 14.839 14.072 13.698 11.921 11.690
0.00097797 -1.20000 10.07918 0.1000000015 1.1711064122    0.100 -2.955  3.4940  5.320    1  0.000  0.545     0.00     0.00     0.00     0.00     0.00 -1 -9.65e-17      0.00 7.453e-01 2.537e-01 1.769e-04 4.773e-05 4.329e-04 -1.000 9.839e-04 12.157 16.371 15.546 14.538 13.804 13.431 11.766 11.549
0.00097797 -1.20000 10.07918 0.1180514842 1.3063363303    0.118 -2.696  3.5237  5.253    1  0.000  0.545     0.00     0.00     0.00     0.00     0.00 -1 -1.74e-16      0.00 7.432e-01 2.558e-01 1.769e-04 4.773e-05 4.329e-04 -1.000 9.840e-04 11.511 14.993 14.285 13.314 12.671 12.303 11.029 10.858
0.00097797 -1.20000 10.07918 0.1199999973 1.3193154249    0.120 -2.671  3.5267  5.247    1  0.000  0.545     0.00     0.00     0.00     0.00     0.00 -1 -1.84e-16      0.00 7.430e-01 2.560e-01 1.769e-04 4.773e-05 4.329e-04 -1.000 9.840e-04 11.447 14.865 14.167 13.204 12.567 12.200 10.957 10.790
0.00097797 -1.20000 10.07918 0.1379962862 1.4275434166    0.138 -2.506  3.5414  5.201    1  0.000  0.545     0.00     0.00     0.00     0.00     0.00 -1 -2.65e-16      0.00 7.414e-01 2.576e-01 1.769e-04 4.773e-05 4.329e-04 -1.000 9.840e-04 11.035 14.150 13.500 12.585 11.972 11.608 10.511 10.361
0.00097797 -1.20000 10.07918 0.1400000006 1.4384526719    0.140 -2.489  3.5430  5.197    1  0.000  0.545     0.00     0.00     0.00     0.00     0.00 -1 -2.75e-16      0.00 7.413e-01 2.578e-01 1.769e-04 4.773e-05 4.329e-04 -1.000 9.840e-04 10.993 14.079 13.433 12.523 11.912 11.549 10.466 10.317
0.00097797 -1.20000 10.07918 0.1599999964 1.5372931554    0.160 -2.349  3.5533  5.156    1  0.000  0.545     0.00     0.00     0.00     0.00     0.00 -1 -3.72e-16      0.00 7.400e-01 2.590e-01 1.769e-04 4.773e-05 4.329e-04 -1.000 9.840e-04 10.642 13.534 12.919 12.047 11.449 11.090 10.096 9.957
0.00097797 -1.20000 10.07918 0.2000000179 1.6938791367    0.200 -2.128  3.5674  5.088    1  0.000  0.545     0.00     0.00     0.00     0.00     0.00 -1 -3.75e-16      0.00 7.386e-01 2.604e-01 1.769e-04 4.773e-05 4.329e-04 -1.000 9.840e-04 10.089 12.738 12.159 11.340 10.761 10.408 9.520 9.394
0.00097797 -1.20000 10.07918 0.2500000000 1.8403257998    0.250 -1.923  3.5786  5.026    1  0.000  0.545     0.00     0.00     0.00     0.00     0.00 -1 -2.26e-17      0.00 7.383e-01 2.607e-01 1.769e-04 4.773e-05 4.329e-04 -1.000 9.840e-04 9.578 12.051 11.499 10.720 10.159 9.814 8.994 8.876
0.00097797 -1.20000 10.07918 0.3000000417 1.9529140366    0.300 -1.766  3.5871  4.982    1  0.000  0.545     0.00     0.00     0.00     0.00     0.00 -1 -4.45e-18      0.00 7.386e-01 2.604e-01 1.769e-04 4.774e-05 4.329e-04 -1.000 9.838e-04 9.186 11.536 11.002 10.253 9.710 9.371 8.594 8.482
0.00097797 -1.20000 10.07918 0.3499999940 2.0434174644    0.350 -1.638  3.5943  4.950    1  0.000  0.545     0.00     0.00     0.00     0.00     0.00 -1 -1.64e-15      0.00 7.478e-01 2.513e-01 1.769e-04 4.773e-05 4.329e-04 -1.000 9.840e-04 8.866 11.115 10.596 9.872 9.345 9.013 8.266 8.158
0.00097797 -1.20000 10.07918 0.4000000060 2.1185024399    0.400 -1.488  3.6054  4.902    1  0.000  0.545     0.00     0.00     0.00     0.00     0.00 -1 -2.29e-15      0.00 7.489e-01 2.501e-01 1.769e-04 4.773e-05 4.329e-04 -1.000 9.840e-04 8.490 10.589 10.095 9.406 8.907 8.585 7.880 7.778
0.00097797 -1.20000 10.07918 0.4500000179 2.1822809362    0.450 -1.310  3.6231  4.845    1  0.000  0.545     0.00     0.00     0.00     0.00     0.00 -1 -3.47e-15      0.00 7.489e-01 2.501e-01 1.769e-04 4.773e-05 4.329e-04 -1.000 9.840e-04 8.045 9.917 9.462 8.827 8.372 8.069 7.421 7.329
0.00097797 -1.20000 10.07918 0.5000000000 2.2374541529    0.500 -1.105  3.6519  4.802    1  0.000  0.545     0.00     0.00     0.00     0.00     0.00 -1 -5.55e-15      0.00 7.489e-01 2.501e-01 1.769e-04 4.773e-05 4.329e-04 -1.000 9.840e-04 7.533 9.058 8.661 8.111 7.727 7.456 6.895 6.816
0.00097797 -1.20000 10.07918 0.5500000715 2.2836583126    0.550 -0.882  3.6828  4.743    1  0.000  0.544     0.00     0.00     0.00     0.00     0.00 -1 -9.45e-15      0.00 7.834e-01 2.158e-01 1.543e-04 4.166e-05 3.780e-04 -1.000 8.178e-04 6.974 8.175 7.829 7.359 7.046 6.812 6.329 6.264
0.00097797 -1.20000 10.07918 0.6000000238 2.3211213258    0.600 -0.673  3.7118  4.688    1  0.000  0.544     0.00     0.00     0.00     0.00     0.00 -1 -1.56e-14      0.00 7.926e-01 2.065e-01 1.486e-04 4.012e-05 3.643e-04 -1.000 8.366e-04 6.453 7.427 7.121 6.710 6.446 6.243 5.813 5.758
0.00097797 -1.20000 10.07918 0.6129167676 2.3296641749    0.613 -0.618  3.7201  4.675    1  0.000  0.544     0.00     0.00     0.00     0.00     0.00 -1 -1.78e-14      0.00 7.952e-01 2.039e-01 1.469e-04 3.969e-05 3.604e-04 -1.000 8.579e-04 6.314 7.232 6.939 6.544 6.292 6.096 5.680 5.627
0.00097797 -1.20000 10.07918 0.6257996559 2.3377819313    0.625 -0.562  3.7283  4.661    1  0.000  0.543     0.00     0.00     0.00     0.00     0.00 -1 -1.95e-14      0.00 7.979e-01 2.012e-01 1.453e-04 3.925e-05 3.564e-04 -1.000 8.741e-04 6.175 7.041 6.763 6.382 6.140 5.951 5.548 5.498
0.00097797 -1.20000 10.07918 0.6382955313 2.3452968726    0.638 -0.508  3.7361  4.647    1  0.000  0.543     0.00     0.00     0.00     0.00     0.00 -1 -7.22e-15      0.00 8.007e-01 1.985e-01 1.436e-04 3.881e-05 3.524e-04 -1.000 7.871e-04 6.039 6.861 6.595 6.228 5.995 5.812 5.421 5.372
0.00097797 -1.20000 10.07918 0.6499369740 2.3519997859    0.650 -0.457  3.7433  4.632    1  0.000  0.543     0.00     0.00     0.00     0.00     0.00 -1 -2.51e-14      0.00 8.033e-01 1.959e-01 1.419e-04 3.837e-05 3.486e-04 -1.000 7.870e-04 5.911 6.695 6.441 6.086 5.861 5.684 5.303 5.257
0.00097797 -1.20000 10.07918 0.6499999762 2.3520353107    0.650 -0.456  3.7433  4.632    1  0.000  0.543     0.00     0.00     0.00     0.00     0.00 -1 -2.63e-14      0.00 8.033e-01 1.959e-01 1.420e-04 3.837e-05 3.485e-04 -1.000 7.872e-04 5.910 6.694 6.439 6.085 5.860 5.683 5.302 5.256
0.00097797 -1.20000 10.07918 0.6525257230 2.3534530034    0.652 -0.445  3.7447  4.628    1  0.000  0.543     0.00     0.00     0.00     0.00     0.00 -1  -2.7e-14      0.00 8.040e-01 1.952e-01 1.415e-04 3.826e-05 3.475e-04 -1.000 7.873e-04 5.883 6.659 6.407 6.054 5.832 5.655 5.277 5.231
0.00097797 -1.20000 10.07918 0.6656452417 2.3606183307    0.665 -0.387  3.7520  4.608    1  0.000  0.543     0.00     0.00     0.00     0.00     0.00 -1 -3.13e-14      0.00 8.077e-01 1.915e-01 1.392e-04 3.765e-05 3.421e-04 -1.000 7.871e-04 5.737 6.474 6.235 5.896 5.682 5.511 5.145 5.101
0.00097797 -1.20000 10.07918 0.6777915359 2.3669685361    0.678 -0.332  3.7584  4.587    1  0.000  0.542     0.00     0.00     0.00     0.00     0.00 -1  -3.6e-14      0.00 8.113e-01 1.879e-01 1.370e-04 3.705e-05 3.367e-04 -1.000 7.806e-04 5.601 6.303 6.075 5.749 5.543 5.377 5.022 4.980
0.00097797 -1.20000 10.07918 0.6889502406 2.3725760485    0.689 -0.281  3.7642  4.566    1  0.000  0.542     0.00     0.00     0.00     0.00     0.00 -1 -2.11e-14      0.00 8.148e-01 1.844e-01 1.348e-04 3.648e-05 3.316e-04 -1.000 7.658e-04 5.473 6.147 5.929 5.613 5.413 5.253 4.907 4.866
0.00097797 -1.20000 10.07918 0.6995898485 2.3777315654    0.699 -0.231  3.7695  4.543    1  0.000  0.542     0.00     0.00     0.00     0.00     0.00 -1 -3.52e-14      0.00 8.183e-01 1.809e-01 1.327e-04 3.591e-05 3.265e-04 -1.000 7.652e-04 5.347 5.996 5.787 5.481 5.288 5.131 4.793 4.754
0.00097797 -1.20000 10.07918 0.6999999881 2.3779266974    0.700 -0.229  3.7697  4.543    1  0.000  0.542     0.00     0.00     0.00     0.00     0.00 -1 -4.74e-14      0.00 8.185e-01 1.808e-01 1.326e-04 3.588e-05 3.263e-04 -1.000 7.638e-04 5.342 5.990 5.782 5.476 5.283 5.126 4.789 4.750
0.00097797 -1.20000 10.07918 0.7077271938 2.3815545130    0.707 -0.191  3.7734  4.524    1  0.000  0.541     0.00     0.00     0.00     0.00     0.00 -1 -5.24e-14      0.00 8.217e-01 1.776e-01 1.303e-04 3.534e-05 3.214e-04 -1.000 7.182e-04 5.248 5.880 5.677 5.379 5.190 5.036 4.704 4.666
0.00097797 -1.20000 10.07918 0.7185978293 2.3865065400    0.718 -0.136  3.7783  4.496    1  0.000  0.538     0.00     0.00     0.00     0.00     0.00 -1  -6.1e-14      0.00 8.265e-01 1.728e-01 1.269e-04 3.453e-05 3.143e-04 -1.000 6.871e-04 5.111 5.719 5.526 5.237 5.053 4.903 4.580 4.543
0.00097797 -1.20000 10.07918 0.7288803458 2.3910346627    0.728 -0.082  3.7828  4.465    1  0.000  0.536     0.00     0.00     0.00     0.00     0.00 -1 -7.11e-14      0.00 8.314e-01 1.679e-01 1.235e-04 3.371e-05 3.071e-04 -1.000 6.871e-04 4.975 5.563 5.377 5.096 4.918 4.771 4.455 4.419
0.00097797 -1.20000 10.07918 0.7378593683 2.3948702895    0.737 -0.032  3.7865  4.436    1  0.000  0.535     0.00     0.00     0.00     0.00     0.00 -1  -8.2e-14      0.00 8.359e-01 1.634e-01 1.204e-04 3.295e-05 3.003e-04 -1.000 6.879e-04 4.850 5.422 5.242 4.968 4.793 4.650 4.339 4.305
0.00097797 -1.20000 10.07918 0.7463310957 2.3983920711    0.746  0.018  3.7899  4.404    1  0.000  0.533     0.00     0.00     0.00     0.00     0.00 -1 -1.78e-14      0.00 8.405e-01 1.589e-01 1.174e-04 3.219e-05 2.936e-04 -1.000 6.873e-04 4.726 5.283 5.109 4.841 4.670 4.529 4.224 4.191
0.00097797 -1.20000 10.07918 0.7500000000 2.3998889087    0.749  0.040  3.7912  4.389    1  0.000  0.532     0.00     0.00     0.00     0.00     0.00 -1 -1.01e-13      0.00 8.425e-01 1.568e-01 1.160e-04 3.185e-05 2.906e-04 -1.000 6.872e-04 4.669 5.221 5.048 4.783 4.614 4.474 4.171 4.138
0.00097797 -1.20000 10.07918 0.7533914447 2.4012576472    0.753  0.061  3.7924  4.375    1  0.000  0.532     0.00     0.00     0.00     0.00     0.00 -1 -1.08e-13      0.00 8.442e-01 1.551e-01 1.151e-04 3.160e-05 2.883e-04 -1.000 6.872e-04 4.617 5.163 4.992 4.729 4.562 4.423 4.122 4.089
0.00097797 -1.20000 10.07918 0.7618584037 2.4046137059    0.761  0.117  3.7952  4.336    1  0.000  0.532     0.00     0.00     0.00     0.00     0.00 -1 -1.27e-13      0.00 8.482e-01 1.511e-01 1.130e-04 3.105e-05 2.834e-04 -1.000 6.871e-04 4.478 5.012 4.846 4.588 4.423 4.287 3.991 3.959
0.00097797 -1.20000 10.07918 0.7697339058 2.4076592310    0.769  0.171  3.7975  4.295    1  0.000  0.531     0.00     0.00     0.00     0.00     0.00 -1  -1.5e-13      0.00 8.515e-01 1.479e-01 1.114e-04 3.063e-05 2.798e-04 -1.000 6.685e-04 4.342 4.864 4.702 4.449 4.287 4.152 3.860 3.829
0.00097797 -1.20000 10.07918 0.7767728567 2.4103212358    0.776  0.223  3.7992  4.254    1  0.000  0.531     0.00     0.00     0.00     0.00     0.00 -1 -1.77e-13      0.00 8.537e-01 1.457e-01 1.104e-04 3.037e-05 2.775e-04 -1.000 6.442e-04 4.212 4.726 4.566 4.317 4.157 4.023 3.735 3.704
0.00097797 -1.20000 10.07918 0.7829412222 2.4126088033    0.782  0.272  3.8002  4.212    1  0.000  0.530     0.00     0.00     0.00     0.00     0.00 -1 -2.07e-13      0.00 8.541e-01 1.453e-01 1.104e-04 3.038e-05 2.777e-04 -1.000 6.569e-04 4.091 4.598 4.440 4.193 4.034 3.902 3.615 3.584
0.00097797 -1.20000 10.07918 0.7848112583 2.4132941514    0.784  0.287  3.8004  4.199    1  0.000  0.530     0.00     0.00     0.00     0.00     0.00 -1 -2.18e-13      0.00 8.541e-01 1.452e-01 1.105e-04 3.040e-05 2.778e-04 -1.000 6.607e-04 4.052 4.559 4.401 4.154 3.996 3.864 3.577 3.547
0.00097797 -1.20000 10.07918 0.7864571214 2.4138942425    0.785  0.302  3.8003  4.184    1  0.000  0.530     0.00     0.00     0.00     0.00     0.00 -1 -2.29e-13      0.00 8.541e-01 1.452e-01 1.106e-04 3.042e-05 2.780e-04 -1.000 6.639e-04 4.015 4.521 4.363 4.116 3.958 3.826 3.540 3.509
0.00097797 -1.20000 10.07918 0.7927884459 2.4161759916    0.792  0.362  3.7991  4.123    1  0.000  0.530     0.00     0.00     0.00     0.00     0.00 -1 -9.51e-14      0.00 8.542e-01 1.452e-01 1.108e-04 3.050e-05 2.788e-04 -1.000 6.790e-04 3.864 4.372 4.214 3.966 3.807 3.674 3.386 3.355
0.00097797 -1.20000 10.07918 0.7975341082 2.4178589928    0.796  0.412  3.7966  4.065    1  0.000  0.530     0.00     0.00     0.00     0.00     0.00 -1 -7.21e-14      0.00 8.542e-01 1.451e-01 1.110e-04 3.056e-05 2.793e-04 -1.000 6.894e-04 3.740 4.255 4.094 3.842 3.681 3.547 3.256 3.224
0.00097797 -1.20000 10.07918 0.7983374000 2.4181415959    0.797  0.421  3.7960  4.054    1  0.000  0.530     0.00     0.00     0.00     0.00     0.00 -1  -9.9e-14      0.00 8.542e-01 1.451e-01 1.110e-04 3.056e-05 2.794e-04 -1.000 6.902e-04 3.717 4.234 4.072 3.820 3.658 3.524 3.232 3.200
0.00097797 -1.20000 10.07918 0.7998896837 2.4186858502    0.799  0.440  3.7943  4.029    2  0.000  0.530     0.00     0.00     0.00     0.00     0.00 -1 -3.43e-13      0.00 8.542e-01 1.451e-01 1.111e-04 3.058e-05 2.795e-04 -1.000 6.903e-04 3.669 4.193 4.029 3.774 3.611 3.475 3.180 3.148
0.00097797 -1.20000 10.07918 0.8000000119 2.4187244405    0.799  0.442  3.7941  4.027    2  0.000  0.530     0.00     0.00     0.00     0.00     0.00 -1 -3.75e-13      0.00 8.542e-01 1.451e-01 1.111e-04 3.058e-05 2.795e-04 -1.000 6.904e-04 3.666 4.190 4.025 3.771 3.607 3.471 3.176 3.144
0.00097797 -1.20000 10.07918 0.8030219674 2.4197767123    0.802  0.483  3.7888  3.966    2  0.000  0.530     0.00     0.00     0.00     0.00     0.00 -1  -4.4e-13      0.00 8.535e-01 1.458e-01 1.117e-04 3.074e-05 2.810e-04 -1.000 6.904e-04 3.562 4.106 3.935 3.672 3.503 3.363 3.060 3.027
0.00097797 -1.20000 10.07918 0.8052532673 2.4205478445    0.804  0.518  3.7822  3.906    2  0.000  0.530     0.00     0.00     0.00     0.00     0.00 -1  -5.1e-13      0.00 8.486e-01 1.508e-01 1.153e-04 3.172e-05 2.899e-04 -1.000 6.083e-04 3.475 4.045 3.865 3.591 3.415 3.271 2.958 2.922
0.00097797 -1.20000 10.07918 0.8069127798 2.4211181891    0.805  0.547  3.7750  3.850    2  0.000  0.532     0.00     0.00     0.00     0.00     0.00 -1 -5.81e-13      0.00 8.255e-01 1.738e-01 1.303e-04 3.579e-05 3.267e-04 -1.000 6.742e-04 3.404 4.005 3.814 3.528 3.345 3.196 2.871 2.834
0.00097797 -1.20000 10.07918 0.8084536791 2.4216453583    0.807  0.574  3.7659  3.786    2  0.000  0.534     0.00     0.00     0.00     0.00     0.00 -1 -6.66e-13      0.00 7.997e-01 1.995e-01 1.456e-04 3.992e-05 3.637e-04 -1.000 8.411e-04 3.335 3.979 3.774 3.472 3.279 3.123 2.784 2.744
0.00097797 -1.20000 10.07918 0.8095485568 2.4220185334    0.808  0.598  3.7575  3.730    2  0.000  0.535     0.00     0.00     0.00     0.00     0.00 -1 -7.51e-13      0.00 7.850e-01 2.141e-01 1.538e-04 4.212e-05 3.833e-04 -1.000 8.800e-04 3.276 3.961 3.743 3.426 3.224 3.062 2.709 2.667
0.00097797 -1.20000 10.07918 0.8105472922 2.4223579286    0.809  0.629  3.7496  3.667    2  0.000  0.536     0.00     0.00     0.00     0.00     0.00 -1 -8.66e-13      0.00 7.757e-01 2.235e-01 1.590e-04 4.350e-05 3.956e-04 -1.000 8.909e-04 3.197 3.922 3.691 3.361 3.150 2.983 2.617 2.573
0.00097797 -1.20000 10.07918 0.8113231063 2.4226209066    0.810  0.665  3.7440  3.610    2  0.000  0.536     0.00     0.00     0.00     0.00     0.00 -1    -1e-12      0.00 7.705e-01 2.286e-01 1.618e-04 4.425e-05 4.024e-04 -1.000 9.018e-04 3.109 3.863 3.624 3.284 3.068 2.896 2.522 2.475
0.00097797 -1.20000 10.07918 0.8120671511 2.4228725729    0.810  0.708  3.7394  3.549    2  0.000  0.537     0.00     0.00     0.00     0.00     0.00 -1 -1.19e-12      0.00 7.667e-01 2.323e-01 1.639e-04 4.479e-05 4.072e-04 -1.000 9.807e-04 3.001 3.779 3.534 3.186 2.965 2.790 2.408 2.361
0.00097797 -1.20000 10.07918 0.8121829033 2.4229116774    0.810  0.716  3.7388  3.538    3  0.000  0.537     0.00     0.00     0.00     0.00     0.00 -1 -1.23e-12      0.00 7.662e-01 2.328e-01 1.641e-04 4.486e-05 4.077e-04 -1.000 9.806e-04 2.981 3.763 3.516 3.167 2.946 2.770 2.388 2.340
0.00097797 -1.20000 10.07918 0.8127921820 2.4231172983    0.811  0.760  3.7360  3.483    3  0.000  0.537     0.00     0.00     0.00     0.00     0.00 -1 -1.44e-12      0.00 7.636e-01 2.354e-01 1.652e-04 4.516e-05 4.105e-04 -1.000 9.759e-04 2.869 3.666 3.415 3.062 2.837 2.661 2.274 2.225
0.00097797 -1.20000 10.07918 0.8133054376 2.4232902382    0.811  0.802  3.7340  3.433    3  0.000  0.537     0.00     0.00     0.00     0.00     0.00 -1 -1.68e-12      0.00 7.616e-01 2.375e-01 1.661e-04 4.538e-05 4.124e-04 -1.000 8.977e-04 2.766 3.574 3.320 2.963 2.737 2.559 2.169 2.120
0.00097797 -1.20000 10.07918 0.8138750196 2.4234818635    0.812  0.852  3.7320  3.376    3  0.000  0.537     0.00     0.00     0.00     0.00     0.00 -1 -2.01e-12      0.00 7.594e-01 2.397e-01 1.668e-04 4.558e-05 4.142e-04 -1.000 9.725e-04 2.641 3.460 3.203 2.843 2.615 2.436 2.043 1.993
0.00097797 -1.20000 10.07918 0.8144013286 2.4236586565    0.812  0.901  3.7301  3.319    3  0.000  0.537     0.00     0.00     0.00     0.00     0.00 -1 -2.41e-12      0.00 7.574e-01 2.417e-01 1.673e-04 4.575e-05 4.156e-04 -1.000 8.911e-04 2.516 3.346 3.086 2.723 2.493 2.312 1.917 1.866
0.00097797 -1.20000 10.07918 0.8149294853 2.4238358061    0.813  0.956  3.7284  3.258    3  0.000  0.536     0.00     0.00     0.00     0.00     0.00 -1 -2.93e-12      0.00 7.552e-01 2.439e-01 1.677e-04 4.592e-05 4.169e-04 -1.000 9.617e-04 2.380 3.220 2.957 2.592 2.360 2.178 1.780 1.729
0.00097797 -1.20000 10.07918 0.8153971434 2.4239924436    0.813  1.009  3.7267  3.199    3  0.000  0.535     0.00     0.00     0.00     0.00     0.00 -1 -3.54e-12      0.00 7.533e-01 2.458e-01 1.677e-04 4.614e-05 4.178e-04 -1.000 9.038e-04 2.249 3.097 2.832 2.464 2.231 2.048 1.647 1.596
0.00097797 -1.20000 10.07918 0.8157938719 2.4241251619    0.814  1.057  3.7252  3.144    3  0.000  0.533     0.00     0.00     0.00     0.00     0.00 -1 -4.21e-12      0.00 7.516e-01 2.474e-01 1.674e-04 4.648e-05 4.185e-04 -1.000 9.646e-04 2.127 2.985 2.717 2.347 2.112 1.928 1.525 1.473
0.00097797 -1.20000 10.07918 0.8161044121 2.4242289440    0.814  1.098  3.7239  3.098    3  0.000  0.531     0.00     0.00     0.00     0.00     0.00 -1 -4.89e-12      0.00 7.504e-01 2.486e-01 1.669e-04 4.691e-05 4.190e-04 -1.000 9.038e-04 2.024 2.889 2.620 2.247 2.011 1.827 1.422 1.370
0.00097797 -1.20000 10.07918 0.8164482713 2.4243437554    0.814  1.148  3.7224  3.043    3  0.000  0.528     0.00     0.00     0.00     0.00     0.00 -1 -5.83e-12      0.00 7.491e-01 2.499e-01 1.661e-04 4.763e-05 4.194e-04 -1.000 9.546e-04 1.901 2.775 2.502 2.128 1.890 1.705 1.298 1.245
0.00097797 -1.20000 10.07918 0.8167769313 2.4244533880    0.814  1.199  3.7207  2.984    3  0.000  0.524     0.00     0.00     0.00     0.00     0.00 -1 -7.02e-12      0.00 7.479e-01 2.511e-01 1.651e-04 4.867e-05 4.199e-04 -1.000 9.633e-04 1.771 2.655 2.380 2.003 1.764 1.578 1.167 1.114
0.00097797 -1.20000 10.07918 0.8170746565 2.4245526139    0.814  1.251  3.7190  2.926    3  0.000  0.521     0.00     0.00     0.00     0.00     0.00 -1 -8.45e-12      0.00 7.469e-01 2.521e-01 1.641e-04 4.973e-05 4.201e-04 -1.000 9.782e-04 1.643 2.538 2.260 1.879 1.638 1.451 1.038 0.984
0.00097797 -1.20000 10.07918 0.8173345327 2.4246391576    0.815  1.300  3.7173  2.870    3  0.000  0.518     0.00     0.00     0.00     0.00     0.00 -1 -1.01e-11      0.00 7.462e-01 2.529e-01 1.633e-04 5.069e-05 4.204e-04 -1.000 9.081e-04 1.519 2.426 2.145 1.761 1.518 1.330 0.914 0.859
0.00097797 -1.20000 10.07918 0.8175694942 2.4247173498    0.815  1.349  3.7155  2.814    3  0.000  0.516     0.00     0.00     0.00     0.00     0.00 -1  -1.2e-11      0.00 7.456e-01 2.534e-01 1.626e-04 5.146e-05 4.205e-04 -1.000 9.680e-04 1.398 2.316 2.032 1.645 1.400 1.210 0.791 0.736
0.00097797 -1.20000 10.07918 0.8177807927 2.4247876231    0.815  1.397  3.7137  2.759    3  0.000  0.514     0.00     0.00     0.00     0.00     0.00 -1 -1.43e-11      0.00 7.453e-01 2.538e-01 1.621e-04 5.204e-05 4.206e-04 -1.000 9.181e-04 1.278 2.209 1.921 1.531 1.284 1.093 0.671 0.615
0.00097797 -1.20000 10.07918 0.8179770112 2.4248528437    0.815  1.445  3.7119  2.703    3  0.000  0.513     0.00     0.00     0.00     0.00     0.00 -1 -1.71e-11      0.00 7.451e-01 2.540e-01 1.618e-04 5.239e-05 4.207e-04 -1.000 9.226e-04 1.157 2.100 1.809 1.415 1.166 0.974 0.548 0.492
0.00097797 -1.20000 10.07918 0.8181506395 2.4249105256    0.815  1.493  3.7099  2.648    3  0.000  0.513     0.00     0.00     0.00     0.00     0.00 -1 -2.03e-11      0.00 7.450e-01 2.541e-01 1.617e-04 5.255e-05 4.207e-04 -1.000 9.230e-04 1.039 1.996 1.701 1.303 1.052 0.859 0.430 0.372
0.00097797 -1.20000 10.07918 0.8183126450 2.4249643209    0.815  1.541  3.7079  2.592    3  0.000  0.513     0.00     0.00     0.00     0.00     0.00 -1 -2.42e-11      0.00 7.450e-01 2.541e-01 1.617e-04 5.258e-05 4.207e-04 -1.000 9.233e-04 0.918 1.890 1.591 1.190 0.936 0.742 0.309 0.251
0.00097797 -1.20000 10.07918 0.8184558153 2.4250118414    0.815  1.587  3.7059  2.537    3  0.000  0.513     0.00     0.00     0.00     0.00     0.00 -1 -2.87e-11      0.00 7.449e-01 2.541e-01 1.617e-04 5.260e-05 4.207e-04 -1.000 9.236e-04 0.802 1.788 1.486 1.080 0.825 0.628 0.192 0.134
0.00097797 -1.20000 10.07918 0.8185834289 2.4250541823    0.815  1.632  3.7039  2.484    3  0.000  0.512     0.00     0.00     0.00     0.00     0.00 -1 -3.38e-11      0.00 7.449e-01 2.541e-01 1.617e-04 5.262e-05 4.207e-04 -1.000 9.238e-04 0.689 1.690 1.384 0.975 0.716 0.519 0.079 0.020
0.00097797 -1.20000 10.07918 0.8187017441 2.4250934245    0.815  1.678  3.7019  2.431    3  0.000  0.512     0.00     0.00     0.00     0.00     0.00 -1    -4e-11      0.00 7.449e-01 2.542e-01 1.617e-04 5.264e-05 4.207e-04 -1.000 9.241e-04 0.576 1.592 1.281 0.867 0.606 0.407 -0.036 -0.096
0.00097797 -1.20000 10.07918 0.8188067675 2.4251282472    0.814  1.721  3.6998  2.379    3  0.000  0.512     0.00     0.00     0.00     0.00     0.00 -1 -4.69e-11      0.00 7.449e-01 2.542e-01 1.616e-04 5.265e-05 4.207e-04 -1.000 9.243e-04 0.467 1.499 1.183 0.765 0.501 0.300 -0.146 -0.207
0.00097797 -1.20000 10.07918 0.8189057708 2.4251610644    0.814  1.766  3.6977  2.326    3  0.000  0.512     0.00     0.00     0.00     0.00     0.00 -1 -5.53e-11      0.00 7.449e-01 2.542e-01 1.616e-04 5.267e-05 4.207e-04 -1.000 9.245e-04 0.355 1.406 1.085 0.661 0.395 0.192 -0.258 -0.320
0.00097797 -1.20000 10.07918 0.8189949989 2.4251906336    0.814  1.809  3.6956  2.274    3  0.000  0.512     0.00     0.00     0.00     0.00     0.00 -1 -6.48e-11      0.00 7.449e-01 2.542e-01 1.616e-04 5.268e-05 4.207e-04 -1.000 9.246e-04 0.247 1.316 0.990 0.562 0.292 0.088 -0.367 -0.429
0.00097797 -1.20000 10.07918 0.8190783858 2.4252182603    0.814  1.852  3.6934  2.223    3  0.000  0.512     0.00     0.00     0.00     0.00     0.00 -1 -7.59e-11      0.00 7.449e-01 2.542e-01 1.616e-04 5.269e-05 4.207e-04 -1.000 9.248e-04 0.141 1.227 0.896 0.463 0.191 -0.016 -0.474 -0.537
0.00097797 -1.20000 10.07918 0.8191582561 2.4252447159    0.814  1.894  3.6913  2.172    3  0.000  0.512     0.00     0.00     0.00     0.00     0.00 -1 -8.87e-11      0.00 7.449e-01 2.542e-01 1.616e-04 5.270e-05 4.208e-04 -1.000 9.251e-04 0.035 1.140 0.804 0.365 0.090 -0.118 -0.580 -0.644
0.00097797 -1.20000 10.07918 0.8192402124 2.4252718563    0.813  1.934  3.6893  2.123    3  0.000  0.512     0.00     0.00     0.00     0.00     0.00 -1 -1.03e-10      0.00 7.449e-01 2.542e-01 1.616e-04 5.272e-05 4.208e-04 -1.000 9.252e-04 -0.065 1.059 0.718 0.274 -0.004 -0.214 -0.680 -0.745
0.00097797 -1.20000 10.07918 0.8193146586 2.4252965043    0.813  1.957  3.6882  2.096    3  0.000  0.512     0.00     0.00     0.00     0.00     0.00 -1 -1.13e-10      0.00 7.449e-01 2.542e-01 1.616e-04 5.273e-05 4.208e-04 -1.000 9.252e-04 -0.123 1.010 0.667 0.220 -0.059 -0.270 -0.738 -0.803
0.00097797 -1.20000 10.07918 0.8193682432 2.4253142421    0.813  1.940  3.6894  2.117    3  0.000  0.512     0.00     0.00     0.00     0.00     0.00 -1 -1.06e-10      0.00 7.449e-01 2.542e-01 1.616e-04 5.273e-05 4.208e-04 -1.000 9.254e-04 -0.081 1.041 0.700 0.257 -0.021 -0.230 -0.696 -0.761
0.00097797 -1.20000 10.07918 0.8193870783 2.4253204763    0.813  1.934  3.6899  2.126    3  0.000  0.512     0.00     0.00     0.00     0.00     0.00 -1 -1.04e-10      0.00 7.449e-01 2.542e-01 1.616e-04 5.274e-05 4.208e-04 -1.000 9.254e-04 -0.065 1.053 0.713 0.271 -0.006 -0.215 -0.680 -0.744
0.00097797 -1.20000 10.07918 0.8194445968 2.4253395124    0.812  1.975  3.6877  2.075    3  0.000  0.512     0.00     0.00     0.00     0.00     0.00 -1  -1.2e-10      0.00 7.449e-01 2.542e-01 1.616e-04 5.275e-05 4.208e-04 -1.000 9.255e-04 -0.168 0.970 0.625 0.177 -0.103 -0.314 -0.783 -0.848
0.00097797 -1.20000 10.07918 0.8194990754 2.4253575396    0.812  2.016  3.6854  2.025    3  0.000  0.512     0.00     0.00     0.00     0.00     0.00 -1 -1.39e-10      0.00 7.449e-01 2.542e-01 1.616e-04 5.275e-05 4.208e-04 -1.000 9.257e-04 -0.270 0.889 0.538 0.085 -0.198 -0.411 -0.885 -0.950
0.00097797 -1.20000 10.07918 0.8195521832 2.4253751105    0.812  2.058  3.6831  1.974    3  0.000  0.512     0.00     0.00     0.00     0.00     0.00 -1 -1.63e-10      0.00 7.449e-01 2.542e-01 1.616e-04 5.276e-05 4.208e-04 -1.000 9.257e-04 -0.376 0.808 0.450 -0.011 -0.298 -0.513 -0.991 -1.057
0.00097797 -1.20000 10.07918 0.8196014762 2.4253914169    0.811  2.100  3.6807  1.922    3  0.000  0.512     0.00     0.00     0.00     0.00     0.00 -1  -1.9e-10      0.00 7.449e-01 2.542e-01 1.616e-04 5.277e-05 4.208e-04 -1.000 9.258e-04 -0.480 0.733 0.364 -0.107 -0.399 -0.616 -1.097 -1.165
0.00097797 -1.20000 10.07918 0.8196454644 2.4254059666    0.811  2.141  3.6784  1.872    3  0.000  0.512     0.00     0.00     0.00     0.00     0.00 -1 -2.21e-10      0.00 7.448e-01 2.542e-01 1.616e-04 5.278e-05 4.208e-04 -1.000 9.260e-04 -0.581 0.664 0.283 -0.198 -0.494 -0.715 -1.200 -1.268
0.00097797 -1.20000 10.07918 0.8196863532 2.4254194894    0.810  2.181  3.6760  1.822    3  0.000  0.512     0.00     0.00     0.00     0.00     0.00 -1 -2.57e-10      0.00 7.448e-01 2.542e-01 1.616e-04 5.278e-05 4.208e-04 -1.000 9.260e-04 -0.682 0.595 0.203 -0.289 -0.590 -0.813 -1.302 -1.371
0.00097797 -1.20000 10.07918 0.8197241426 2.4254319859    0.810  2.221  3.6735  1.772    3  0.000  0.512     0.00     0.00     0.00     0.00     0.00 -1 -2.99e-10      0.00 7.448e-01 2.542e-01 1.616e-04 5.279e-05 4.208e-04 -1.000 9.261e-04 -0.783 0.529 0.125 -0.378 -0.684 -0.910 -1.403 -1.473
0.00097797 -1.20000 10.07918 0.8197593093 2.4254436139    0.809  2.261  3.6711  1.721    3  0.000  0.512     0.00     0.00     0.00     0.00     0.00 -1 -3.48e-10      0.00 7.448e-01 2.542e-01 1.615e-04 5.279e-05 4.208e-04 -1.000 9.261e-04 -0.883 0.464 0.047 -0.467 -0.778 -1.007 -1.505 -1.575
0.00097797 -1.20000 10.07918 0.8197907209 2.4254539993    0.809  2.300  3.6686  1.672    3  0.000  0.512     0.00     0.00     0.00     0.00     0.00 -1 -4.03e-10      0.00 7.448e-01 2.542e-01 1.615e-04 5.280e-05 4.208e-04 -1.000 9.263e-04 -0.980 0.404 -0.026 -0.551 -0.867 -1.100 -1.603 -1.674
0.00097797 -1.20000 10.07918 0.8198201656 2.4254637335    0.808  2.339  3.6661  1.623    3  0.000  0.512     0.00     0.00     0.00     0.00     0.00 -1 -4.67e-10      0.00 7.448e-01 2.542e-01 1.615e-04 5.280e-05 4.208e-04 -1.000 9.263e-04 -1.078 0.346 -0.097 -0.635 -0.957 -1.193 -1.700 -1.772
0.00097797 -1.20000 10.07918 0.8198535442 2.4254747673    0.807  2.387  3.6630  1.562    3  0.000  0.512     0.00     0.00     0.00     0.00     0.00 -1 -5.59e-10      0.00 7.448e-01 2.542e-01 1.615e-04 5.281e-05 4.208e-04 -1.000 9.263e-04 -1.198 0.279 -0.183 -0.736 -1.066 -1.306 -1.819 -1.892
0.00097797 -1.20000 10.07918 0.8198835254 2.4254846771    0.806  2.434  3.6599  1.502    3  0.000  0.512     0.00     0.00     0.00     0.00     0.00 -1 -6.68e-10      0.00 7.448e-01 2.542e-01 1.615e-04 5.281e-05 4.208e-04 -1.000 9.264e-04 -1.315 0.215 -0.265 -0.834 -1.172 -1.416 -1.936 -2.010
0.00097797 -1.20000 10.07918 0.8199113607 2.4254938769    0.805  2.482  3.6568  1.441    3  0.000  0.512     0.00     0.00     0.00     0.00     0.00 -1 -7.98e-10      0.00 7.448e-01 2.542e-01 1.615e-04 5.282e-05 4.208e-04 -1.000 9.264e-04 -1.434 0.154 -0.344 -0.929 -1.275 -1.524 -2.051 -2.127
0.00097797 -1.20000 10.07918 0.8199362755 2.4255021109    0.804  2.527  3.6536  1.382    3  0.000  0.512     8.61     6.61     4.66     3.61     2.92  3  -9.5e-10      0.00 7.448e-01 2.542e-01 1.615e-04 5.282e-05 4.208e-04 -1.000 9.265e-04 -1.548 0.094 -0.420 -1.018 -1.372 -1.625 -2.161 -2.238
0.00097797 -1.20000 10.07918 0.8199591041 2.4255096548    0.803  2.573  3.6504  1.324    3  0.000  0.512     9.75     7.35     5.15     4.00     3.24  3 -1.13e-09      0.00 7.448e-01 2.542e-01 1.615e-04 5.282e-05 4.208e-04 -1.000 9.265e-04 -1.662 0.035 -0.494 -1.106 -1.468 -1.725 -2.269 -2.348
0.00097797 -1.20000 10.07918 0.8199809194 2.4255168635    0.802  2.620  3.6472  1.263    3  0.000  0.512    11.07     8.20     5.72     4.44     3.60  3 -1.35e-09      0.00 7.448e-01 2.543e-01 1.615e-04 5.283e-05 4.208e-04 -1.000 9.266e-04 -1.779 -0.026 -0.571 -1.196 -1.566 -1.827 -2.380 -2.461
0.00097797 -1.20000 10.07918 0.8199998736 2.4255231264    0.800  2.663  3.6440  1.206    3  0.000  0.512    12.50     9.09     6.31     4.91     3.98  3  -1.6e-09      0.00 7.448e-01 2.543e-01 1.615e-04 5.283e-05 4.208e-04 -1.000 9.266e-04 -1.889 -0.079 -0.639 -1.277 -1.656 -1.922 -2.484 -2.565
0.00097797 -1.20000 10.07918 0.8200177550 2.4255290346    0.799  2.708  3.6408  1.148    3  0.000  0.512    14.13    10.09     6.98     5.44     4.41  2 -1.89e-09      0.00 7.448e-01 2.543e-01 1.615e-04 5.283e-05 4.208e-04 -1.000 9.267e-04 -2.000 -0.133 -0.708 -1.360 -1.747 -2.017 -2.588 -2.672
0.00097797 -1.20000 10.07918 0.8200346231 2.4255346076    0.797  2.753  3.6376  1.088    3  0.000  0.512    16.01    11.23     7.72     6.03     4.89  2 -2.25e-09      0.00 7.448e-01 2.543e-01 1.615e-04 5.283e-05 4.208e-04 -1.000 9.266e-04 -2.114 -0.187 -0.778 -1.444 -1.839 -2.114 -2.695 -2.780
0.00097797 -1.20000 10.07918 0.8200491667 2.4255394124    0.795  2.796  3.6343  1.032    3  0.000  0.512    18.02    12.42     8.50     6.65     5.39  2 -2.66e-09      0.00 7.448e-01 2.543e-01 1.615e-04 5.284e-05 4.208e-04 -1.000 9.267e-04 -2.219 -0.231 -0.838 -1.517 -1.922 -2.201 -2.791 -2.878
0.00097797 -1.20000 10.07918 0.8200632930 2.4255440792    0.793  2.839  3.6311  0.974    3  0.000  0.512    20.35    13.78     9.39     7.36     5.96  2 -3.14e-09      0.00 7.448e-01 2.543e-01 1.615e-04 5.284e-05 4.208e-04 -1.000 9.267e-04 -2.328 -0.275 -0.899 -1.593 -2.008 -2.291 -2.892 -2.981
0.00097797 -1.20000 10.07918 0.8200765848 2.4255484701    0.791  2.884  3.6278  0.916    3  0.000  0.512    23.02    15.31    10.38     8.14     6.60  2 -3.73e-09      0.00 7.448e-01 2.543e-01 1.615e-04 5.284e-05 4.208e-04 -1.000 9.268e-04 -2.439 -0.312 -0.955 -1.666 -2.092 -2.381 -2.994 -3.084
0.00097797 -1.20000 10.07918 0.8200879693 2.4255522309    0.789  2.924  3.6245  0.861    3  0.000  0.512    25.86    16.90    11.41     8.97     7.27  2 -4.37e-09      0.00 7.448e-01 2.543e-01 1.615e-04 5.284e-05 4.208e-04 -1.000 9.268e-04 -2.541 -0.341 -1.002 -1.729 -2.167 -2.461 -3.085 -3.178
0.00097797 -1.20000 10.07918 0.8200989962 2.4255558733    0.786  2.966  3.6213  0.804    3  0.000  0.512    29.13    18.70    12.57     9.89     8.03  1 -5.15e-09      0.00 7.448e-01 2.543e-01 1.615e-04 5.284e-05 4.208e-04 -1.000 9.268e-04 -2.646 -0.371 -1.051 -1.795 -2.244 -2.543 -3.180 -3.275
0.00097797 -1.20000 10.07918 0.8201096654 2.4255593976    0.783  3.010  3.6180  0.746    3  0.000  0.512    32.90    20.75    13.87    10.94     8.88  1 -6.09e-09      0.00 7.448e-01 2.543e-01 1.615e-04 5.284e-05 4.208e-04 -1.000 9.269e-04 -2.754 -0.404 -1.103 -1.863 -2.324 -2.628 -3.278 -3.375
0.00097797 -1.20000 10.07918 0.8201189637 2.4255624689    0.780  3.050  3.6148  0.691    3  0.000  0.512    36.95    22.90    15.24    12.04     9.77  1 -7.13e-09      0.00 7.448e-01 2.543e-01 1.615e-04 5.285e-05 4.208e-04 -1.000 9.268e-04 -2.855 -0.429 -1.146 -1.922 -2.396 -2.705 -3.367 -3.466
0.00097797 -1.20000 10.07918 0.8201282024 2.4255655204    0.776  3.093  3.6115  0.633    3  0.000  0.512    41.71    25.38    16.82    13.31    10.80  1 -8.42e-09      0.00 7.448e-01 2.543e-01 1.615e-04 5.285e-05 4.208e-04 -1.000 9.269e-04 -2.961 -0.456 -1.193 -1.986 -2.472 -2.786 -3.462 -3.563
0.00097797 -1.20000 10.07918 0.8201367259 2.4255683356    0.772  3.134  3.6083  0.577    3  0.000  0.512    47.01    28.10    18.53    14.68    11.92  1 -9.93e-09      0.00 7.448e-01 2.543e-01 1.615e-04 5.285e-05 4.208e-04 -1.000 9.269e-04 -3.066 -0.480 -1.236 -2.046 -2.545 -2.864 -3.554 -3.657
0.00097797 -1.20000 10.07918 0.8201445937 2.4255709342    0.768  3.175  3.6051  0.520    3  0.000  0.512    52.89    31.05    20.38    16.18    13.14  1 -1.17e-08      0.00 7.448e-01 2.543e-01 1.615e-04 5.285e-05 4.208e-04 -1.000 9.269e-04 -3.168 -0.499 -1.274 -2.102 -2.614 -2.939 -3.642 -3.748
0.00097797 -1.20000 10.07918 0.8201521039 2.4255734147    0.763  3.217  3.6018  0.463    3  0.000  0.512    59.66    34.39    22.46    17.86    14.51  1 -1.38e-08      0.00 7.448e-01 2.543e-01 1.615e-04 5.285e-05 4.208e-04 -1.000 9.269e-04 -3.272 -0.510 -1.307 -2.154 -2.681 -3.012 -3.732 -3.840
0.00097797 -1.20000 10.07918 0.8201591969 2.4255757573    0.758  3.258  3.5986  0.406    3  0.000  0.512    67.28    38.06    24.75    19.71    16.02  1 -1.62e-08      0.00 7.448e-01 2.543e-01 1.615e-04 5.285e-05 4.208e-04 -1.000 9.270e-04 -3.374 -0.516 -1.335 -2.202 -2.747 -3.083 -3.820 -3.931
0.00097797 -1.20000 10.07918 0.8201658130 2.4255779423    0.752  3.297  3.5955  0.351    3  0.000  0.512    75.57    41.98    27.17    21.68    17.62  0  -1.9e-08      0.00 7.448e-01 2.543e-01 1.615e-04 5.285e-05 4.208e-04 -1.000 9.269e-04 -3.473 -0.520 -1.361 -2.247 -2.808 -3.150 -3.905 -4.019
0.00097797 -1.20000 10.07918 0.8201708198 2.4255795958    0.746  3.326  3.5932  0.310    3  0.000  0.512    82.31    45.11    29.10    23.25    18.90  0 -2.14e-08      0.00 7.448e-01 2.543e-01 1.615e-04 5.285e-05 4.208e-04 -1.000 9.269e-04 -3.545 -0.522 -1.378 -2.279 -2.852 -3.198 -3.966 -4.082
0.00097797 -1.20000 10.07918 0.8201708198 2.4255795958    0.746  1.731  3.7448  2.512    4  0.000  0.518     0.00     0.00     0.00     0.00     0.00 -1    -1e-30      0.00 7.405e-01 2.585e-01 1.660e-04 5.170e-05 4.274e-04 -1.000 9.840e-04 0.444 1.163 0.936 0.610 0.400 0.233 -0.135 -0.182
0.00097797 -1.20000 10.07918 0.8202211857 2.4255962283    0.747  1.747  3.7436  2.490    4  0.000  0.518     0.00     0.00     0.00     0.00     0.00 -1    -1e-30      0.00 7.405e-01 2.585e-01 1.660e-04 5.170e-05 4.274e-04 -1.000 9.840e-04 0.401 1.128 0.899 0.570 0.359 0.192 -0.179 -0.226
0.00097797 -1.20000 10.07918 0.8202726245 2.4256132126    0.747  1.750  3.7434  2.487    4  0.000  0.518     0.00     0.00     0.00     0.00     0.00 -1    -1e-30      0.00 7.405e-01 2.585e-01 1.660e-04 5.170e-05 4.274e-04 -1.000 9.840e-04 0.396 1.122 0.893 0.565 0.354 0.186 -0.185 -0.232
0.00097797 -1.20000 10.07918 0.8203250170 2.4256305093    0.747  1.751  3.7436  2.486    4  0.000  0.518     0.00     0.00     0.00     0.00     0.00 -1    -1e-30      0.00 7.405e-01 2.585e-01 1.660e-04 5.170e-05 4.274e-04 -1.000 9.840e-04 0.392 1.118 0.889 0.561 0.350 0.182 -0.188 -0.235
0.00097797 -1.20000 10.07918 0.8203791380 2.4256483740    0.747  1.752  3.7440  2.487    4  0.000  0.518     0.00     0.00     0.00     0.00     0.00 -1    -1e-30      0.00 7.405e-01 2.585e-01 1.660e-04 5.170e-05 4.274e-04 -1.000 9.840e-04 0.391 1.114 0.886 0.558 0.348 0.180 -0.189 -0.236
0.00097797 -1.20000 10.07918 0.8204317689 2.4256657442    0.747  1.752  3.7445  2.490    4  0.000  0.518     0.00     0.00     0.00     0.00     0.00 -1    -1e-30      0.00 7.405e-01 2.585e-01 1.660e-04 5.170e-05 4.274e-04 -1.000 9.839e-04 0.391 1.111 0.884 0.557 0.347 0.180 -0.188 -0.235
0.00097797 -1.20000 10.07918 0.8204848766 2.4256832691    0.747  1.751  3.7452  2.493    4  0.000  0.518     0.00     0.00     0.00     0.00     0.00 -1    -1e-30      0.00 7.405e-01 2.585e-01 1.660e-04 5.170e-05 4.274e-04 -1.000 9.840e-04 0.393 1.109 0.883 0.557 0.348 0.182 -0.186 -0.232
0.00097797 -1.20000 10.07918 0.8205390573 2.4257011455    0.747  1.750  3.7461  2.498    4  0.000  0.518     0.00     0.00     0.00     0.00     0.00 -1    -1e-30      0.00 7.405e-01 2.585e-01 1.660e-04 5.170e-05 4.274e-04 -1.000 9.840e-04 0.396 1.107 0.882 0.558 0.350 0.184 -0.182 -0.228
0.00097797 -1.20000 10.07918 0.8205926418 2.4257188225    0.747  1.748  3.7470  2.503    4  0.000  0.518     0.00     0.00     0.00     0.00     0.00 -1    -1e-30      0.00 7.405e-01 2.585e-01 1.660e-04 5.170e-05 4.274e-04 -1.000 9.840e-04 0.399 1.104 0.882 0.559 0.352 0.187 -0.177 -0.223
0.00097797 -1.20000 10.07918 0.8206470609 2.4257367720    0.747  1.747  3.7479  2.508    4  0.000  0.518     0.00     0.00     0.00     0.00     0.00 -1    -1e-30      0.00 7.405e-01 2.585e-01 1.660e-04 5.170e-05 4.274e-04 -1.000 9.839e-04 0.403 1.102 0.881 0.560 0.354 0.190 -0.173 -0.218
0.00097797 -1.20000 10.07918 0.8206984997 2.4257537361    0.747  1.746  3.7487  2.512    4  0.000  0.518     0.00     0.00     0.00     0.00     0.00 -1    -1e-30      0.00 7.405e-01 2.585e-01 1.660e-04 5.170e-05 4.274e-04 -1.000 9.840e-04 0.406 1.100 0.880 0.561 0.356 0.192 -0.169 -0.214
0.00097797 -1.20000 10.07918 0.8207533360 2.4257718179    0.747  1.745  3.7495  2.517    4  0.000  0.518     0.00     0.00     0.00     0.00     0.00 -1    -1e-30      0.00 7.405e-01 2.585e-01 1.660e-04 5.170e-05 4.274e-04 -1.000 9.840e-04 0.408 1.098 0.879 0.562 0.358 0.194 -0.166 -0.211
0.00097797 -1.20000 10.07918 0.8208071589 2.4257895629    0.747  1.744  3.7503  2.521    4  0.000  0.518     0.00     0.00     0.00     0.00     0.00 -1    -1e-30      0.00 7.405e-01 2.585e-01 1.660e-04 5.170e-05 4.274e-04 -1.000 9.840e-04 0.411 1.096 0.879 0.563 0.359 0.196 -0.162 -0.207
0.00097797 -1.20000 10.07918 0.8208575845 2.4258061853    0.747  1.743  3.7509  2.524    4  0.000  0.518     0.00     0.00     0.00     0.00     0.00 -1    -1e-30      0.00 7.405e-01 2.585e-01 1.660e-04 5.170e-05 4.274e-04 -1.000 9.840e-04 0.413 1.094 0.878 0.563 0.360 0.198 -0.160 -0.204
0.00097797 -1.20000 10.07918 0.8209107518 2.4258237091    0.747  1.742  3.7514  2.527    4  0.000  0.518     0.00     0.00     0.00     0.00     0.00 -1    -1e-30      0.00 7.405e-01 2.585e-01 1.660e-04 5.170e-05 4.274e-04 -1.000 9.839e-04 0.414 1.092 0.877 0.563 0.361 0.199 -0.157 -0.202
0.00097797 -1.20000 10.07918 0.8209232092 2.4258278146    0.747  1.742  3.7515  2.527    4  0.000  0.518     0.00     0.00     0.00     0.00     0.00 -1    -1e-30      0.00 7.405e-01 2.585e-01 1.660e-04 5.170e-05 4.274e-04 -1.000 9.840e-04 0.414 1.092 0.877 0.563 0.361 0.199 -0.157 -0.201
0.00097797 -1.20000 10.07918 0.8209292889 2.4258298182    0.747  1.742  3.7516  2.528    4  0.000  0.518     0.00     0.00     0.00     0.00     0.00 -1    -1e-30      0.00 7.405e-01 2.585e-01 1.660e-04 5.170e-05 4.274e-04 -1.000 9.840e-04 0.414 1.092 0.876 0.563 0.361 0.199 -0.157 -0.201
0.00097797 -1.20000 10.07918 0.8209825754 2.4258473777    0.747  1.742  3.7519  2.529    4  0.000  0.518     0.00     0.00     0.00     0.00     0.00 -1    -1e-30      0.00 7.405e-01 2.585e-01 1.660e-04 5.170e-05 4.274e-04 -1.000 9.841e-04 0.415 1.090 0.875 0.562 0.361 0.199 -0.156 -0.200
0.00097797 -1.20000 10.07918 0.8210378289 2.4258655825    0.747  1.742  3.7522  2.530    4  0.000  0.518     0.00     0.00     0.00     0.00     0.00 -1    -1e-30      0.00 7.405e-01 2.585e-01 1.660e-04 5.170e-05 4.274e-04 -1.000 9.840e-04 0.414 1.088 0.874 0.561 0.360 0.199 -0.156 -0.201
0.00097797 -1.20000 10.07918 0.8210900426 2.4258827833    0.748  1.743  3.7523  2.530    4  0.000  0.518     0.00     0.00     0.00     0.00     0.00 -1    -1e-30      0.00 7.405e-01 2.585e-01 1.660e-04 5.170e-05 4.274e-04 -1.000 9.839e-04 0.413 1.086 0.872 0.560 0.359 0.197 -0.158 -0.202
0.00097797 -1.20000 10.07918 0.8211424947 2.4259000600    0.748  1.744  3.7522  2.529    4  0.000  0.518     0.00     0.00     0.00     0.00     0.00 -1    -1e-30      0.00 7.405e-01 2.585e-01 1.660e-04 5.170e-05 4.274e-04 -1.000 9.840e-04 0.411 1.084 0.870 0.558 0.357 0.195 -0.160 -0.204
0.00097797 -1.20000 10.07918 0.8211949468 2.4259173342    0.748  1.745  3.7520  2.527    4  0.000  0.518     0.00     0.00     0.00     0.00     0.00 -1    -1e-30      0.00 7.405e-01 2.585e-01 1.660e-04 5.170e-05 4.274e-04 -1.000 9.839e-04 0.408 1.082 0.868 0.555 0.354 0.192 -0.163 -0.207
0.00097797 -1.20000 10.07918 0.8212465048 2.4259343115    0.748  1.747  3.7516  2.524    4  0.000  0.518     0.00     0.00     0.00     0.00     0.00 -1    -1e-30      0.00 7.405e-01 2.585e-01 1.660e-04 5.170e-05 4.274e-04 -1.000 9.840e-04 0.403 1.080 0.865 0.552 0.350 0.188 -0.168 -0.212
0.00097797 -1.20000 10.07918 0.8212987781 2.4259515218    0.748  1.749  3.7511  2.520    4  0.000  0.518     0.00     0.00     0.00     0.00     0.00 -1    -1e-30      0.00 7.405e-01 2.585e-01 1.660e-04 5.170e-05 4.274e-04 -1.000 9.840e-04 0.398 1.078 0.862 0.547 0.345 0.183 -0.174 -0.218
0.00097797 -1.20000 10.07918 0.8213084340 2.4259547006    0.748  1.749  3.7510  2.519    4  0.000  0.518     0.00     0.00     0.00     0.00     0.00 -1    -1e-30      0.00 7.405e-01 2.585e-01 1.660e-04 5.170e-05 4.274e-04 -1.000 9.840e-04 0.397 1.077 0.861 0.547 0.344 0.182 -0.175 -0.220
0.00097797 -1.20000 10.07918 0.8213178515 2.4259578009    0.748  1.750  3.7509  2.518    4  0.000  0.518     0.00     0.00     0.00     0.00     0.00 -1    -1e-30      0.00 7.405e-01 2.585e-01 1.660e-04 5.170e-05 4.274e-04 -1.000 9.839e-04 0.396 1.077 0.861 0.546 0.343 0.181 -0.177 -0.221
0.00097797 -1.20000 10.07918 0.8213651776 2.4259733794    0.748  1.752  3.7503  2.513    4  0.000  0.518     0.00     0.00     0.00     0.00     0.00 -1    -1e-30      0.00 7.405e-01 2.585e-01 1.660e-04 5.170e-05 4.274e-04 -1.000 9.840e-04 0.389 1.074 0.857 0.541 0.337 0.175 -0.184 -0.229
0.00097797 -1.20000 10.07918 0.8214116096 2.4259886616    0.748  1.755  3.7496  2.507    4  0.000  0.518     0.00     0.00     0.00     0.00     0.00 -1    -1e-30      0.00 7.405e-01 2.585e-01 1.660e-04 5.170e-05 4.274e-04 -1.000 9.840e-04 0.382 1.071 0.853 0.535 0.331 0.168 -0.192 -0.237
0.00097797 -1.20000 10.07918 0.8214596510 2.4260044713    0.748  1.758  3.7488  2.501    4  0.000  0.518     0.00     0.00     0.00     0.00     0.00 -1    -1e-30      0.00 7.405e-01 2.585e-01 1.660e-04 5.170e-05 4.274e-04 -1.000 9.839e-04 0.374 1.068 0.848 0.529 0.324 0.160 -0.201 -0.246
0.00097797 -1.20000 10.07918 0.8215087056 2.4260206124    0.748  1.762  3.7479  2.493    4  0.000  0.518     0.00     0.00     0.00     0.00     0.00 -1    -1e-30      0.00 7.405e-01 2.585e-01 1.660e-04 5.170e-05 4.274e-04 -1.000 9.840e-04 0.364 1.064 0.842 0.522 0.316 0.151 -0.212 -0.257
0.00097797 -1.20000 10.07918 0.8215549588 2.4260358296    0.748  1.768  3.7466  2.482    4  0.000  0.518     0.00     0.00     0.00     0.00     0.00 -1    -1e-30      0.00 7.405e-01 2.585e-01 1.660e-04 5.170e-05 4.274e-04 -1.000 9.840e-04 0.351 1.058 0.834 0.511 0.304 0.138 -0.227 -0.273
0.00097797 -1.20000 10.07918 0.8216030002 2.4260516330    0.748  1.774  3.7452  2.471    4  0.000  0.518     0.00     0.00     0.00     0.00     0.00 -1    -1e-30      0.00 7.405e-01 2.585e-01 1.660e-04 5.170e-05 4.274e-04 -1.000 9.840e-04 0.336 1.051 0.825 0.500 0.291 0.124 -0.243 -0.289
0.00097797 -1.20000 10.07918 0.8216497898 2.4260670227    0.748  1.780  3.7439  2.460    4  0.000  0.518     0.00     0.00     0.00     0.00     0.00 -1    -1e-30      0.00 7.405e-01 2.585e-01 1.660e-04 5.170e-05 4.274e-04 -1.000 9.840e-04 0.320 1.043 0.815 0.487 0.277 0.109 -0.260 -0.307
0.00097797 -1.20000 10.07918 0.8216966391 2.4260824299    0.748  1.786  3.7426  2.448    4  0.000  0.518     0.00     0.00     0.00     0.00     0.00 -1    -1e-30      0.00 7.405e-01 2.585e-01 1.660e-04 5.170e-05 4.274e-04 -1.000 9.840e-04 0.304 1.035 0.804 0.474 0.262 0.094 -0.278 -0.325
0.00097797 -1.20000 10.07918 0.8217439651 2.4260979919    0.748  1.795  3.7410  2.433    4  0.000  0.518     0.00     0.00     0.00     0.00     0.00 -1    -1e-30      0.00 7.405e-01 2.585e-01 1.660e-04 5.170e-05 4.274e-04 -1.000 9.840e-04 0.282 1.022 0.789 0.456 0.242 0.072 -0.302 -0.350
0.00097797 -1.20000 10.07918 0.8217934370 2.4261142572    0.748  1.807  3.7389  2.413    4  0.000  0.518     0.00     0.00     0.00     0.00     0.00 -1    -1e-30      0.00 7.405e-01 2.585e-01 1.660e-04 5.170e-05 4.274e-04 -1.000 9.839e-04 0.252 1.005 0.768 0.431 0.215 0.044 -0.334 -0.382
0.00097797 -1.20000 10.07918 0.8218420744 2.4261302461    0.748  1.823  3.7364  2.387    4  0.000  0.518     0.00     0.00     0.00     0.00     0.00 -1    -1e-30      0.00 7.405e-01 2.585e-01 1.660e-04 5.170e-05 4.274e-04 -1.000 9.840e-04 0.212 0.982 0.740 0.397 0.178 0.005 -0.377 -0.426
0.00097797 -1.20000 10.07918 0.8218892813 2.4261457625    0.748  1.856  3.7315  2.334    4  0.000  0.518     0.00     0.00     0.00     0.00     0.00 -1    -1e-30      0.00 7.405e-01 2.585e-01 1.660e-04 5.170e-05 4.274e-04 -1.000 9.840e-04 0.130 0.931 0.679 0.327 0.102 -0.075 -0.465 -0.516
0.00097797 -1.20000 10.07918 0.8219103813 2.4261526973    0.748  1.888  3.7271  2.285    4  0.000  0.518     0.00     0.00     0.00     0.00     0.00 -1    -1e-30      0.00 7.405e-01 2.585e-01 1.660e-04 5.170e-05 4.274e-04 -1.000 9.840e-04 0.051 0.881 0.621 0.259 0.029 -0.151 -0.549 -0.601
0.00097797 -1.20000 10.07918 0.8219217062 2.4261564191    0.748  1.920  3.7228  2.235    4  0.000  0.518     0.00     0.00     0.00     0.00     0.00 -1    -1e-30      0.00 7.405e-01 2.585e-01 1.660e-04 5.170e-05 4.274e-04 -1.000 9.840e-04 -0.031 0.829 0.560 0.189 -0.046 -0.230 -0.635 -0.688
0.00097797 -1.20000 10.07918 0.8219271898 2.4261582212    0.748  1.952  3.7188  2.187    4  0.000  0.518     0.00     0.00     0.00     0.00     0.00 -1    -1e-30      0.00 7.405e-01 2.585e-01 1.660e-04 5.170e-05 4.274e-04 -1.000 9.840e-04 -0.111 0.778 0.500 0.120 -0.120 -0.306 -0.719 -0.773
0.00097797 -1.20000 10.07918 0.8219303489 2.4261592594    0.748  1.989  3.7144  2.133    4  0.000  0.518     0.00     0.00     0.00     0.00     0.00 -1    -1e-30      0.00 7.405e-01 2.585e-01 1.660e-04 5.170e-05 4.274e-04 -1.000 9.840e-04 -0.202 0.719 0.431 0.042 -0.203 -0.393 -0.813 -0.869
0.00097797 -1.20000 10.07918 0.8219319582 2.4261597883    0.748  2.021  3.7108  2.086    4  0.000  0.518     0.00     0.00     0.00     0.00     0.00 -1    -1e-30      0.00 7.405e-01 2.585e-01 1.660e-04 5.170e-05 4.274e-04 -1.000 9.840e-04 -0.284 0.665 0.369 -0.029 -0.279 -0.471 -0.898 -0.955
0.00097797 -1.20000 10.07918 0.8219328523 2.4261600821    0.748  2.046  3.7081  2.050    7  0.000  0.518     0.00     0.00     0.00     0.00     0.00 -1 -9.78e-10      0.00 7.405e-01 2.569e-01 1.660e-04 5.170e-05 4.274e-04 -1.000 2.584e-03 -0.346 0.623 0.322 -0.082 -0.336 -0.530 -0.962 -1.020
0.00097797 -1.20000 10.07918 0.8219338059 2.4261603955    0.748  2.085  3.7044  1.997    7  0.000  0.518     0.00     0.00     0.00     0.00     0.00 -1 -1.25e-09      0.00 7.405e-01 2.569e-01 1.660e-04 5.170e-05 4.274e-04 -1.000 2.584e-03 -0.443 0.557 0.246 -0.166 -0.424 -0.622 -1.060 -1.119
0.00097797 -1.20000 10.07918 0.8219347596 2.4261607089    0.748  2.127  3.7005  1.939    7  0.000  0.518     0.00     0.00     0.00     0.00     0.00 -1 -1.58e-09      0.00 7.405e-01 2.569e-01 1.660e-04 5.170e-05 4.274e-04 -1.000 2.584e-03 -0.547 0.485 0.165 -0.257 -0.520 -0.721 -1.167 -1.227
0.00097797 -1.20000 10.07918 0.8219355941 2.4261609831    0.748  2.165  3.6970  1.887    7  0.000  0.518     0.00     0.00     0.00     0.00     0.00 -1 -1.98e-09      0.00 7.405e-01 2.569e-01 1.660e-04 5.170e-05 4.274e-04 -1.000 2.584e-03 -0.643 0.421 0.092 -0.339 -0.607 -0.812 -1.264 -1.326
0.00097797 -1.20000 10.07918 0.8219364882 2.4261612770    0.748  2.202  3.6937  1.837    7  0.000  0.518     0.00     0.00     0.00     0.00     0.00 -1 -2.45e-09      0.00 7.405e-01 2.569e-01 1.660e-04 5.170e-05 4.274e-04 -1.000 2.584e-03 -0.735 0.360 0.023 -0.417 -0.690 -0.897 -1.356 -1.419
0.00097797 -1.20000 10.07918 0.8219379187 2.4261617471    0.748  2.242  3.6902  1.783    7  0.000  0.518     0.00     0.00     0.00     0.00     0.00 -1 -3.09e-09      0.00 7.405e-01 2.569e-01 1.660e-04 5.170e-05 4.274e-04 -1.000 2.584e-03 -0.834 0.293 -0.054 -0.502 -0.781 -0.991 -1.456 -1.520
0.00097797 -1.20000 10.07918 0.8219404817 2.4261625893    0.748  2.202  3.6938  1.837    7  0.000  0.518     0.00     0.00     0.00     0.00     0.00 -1 -2.42e-09      0.00 7.405e-01 2.569e-01 1.660e-04 5.170e-05 4.274e-04 -1.000 2.584e-03 -0.735 0.359 0.022 -0.417 -0.691 -0.898 -1.356 -1.419
0.00097797 -1.20000 10.07918 0.8219445348 2.4261639213    0.747  2.162  3.6974  1.891    7  0.000  0.518     0.00     0.00     0.00     0.00     0.00 -1 -1.93e-09      0.00 7.405e-01 2.569e-01 1.660e-04 5.170e-05 4.274e-04 -1.000 2.584e-03 -0.634 0.427 0.099 -0.331 -0.599 -0.803 -1.255 -1.316
0.00097797 -1.20000 10.07918 0.8219700456 2.4261723043    0.745  2.161  3.6973  1.891    7  0.000  0.518     0.00     0.00     0.00     0.00     0.00 -1 -1.93e-09      0.00 7.405e-01 2.569e-01 1.660e-04 5.170e-05 4.274e-04 -1.000 2.584e-03 -0.632 0.429 0.101 -0.329 -0.597 -0.801 -1.253 -1.314
0.00097797 -1.20000 10.07918 0.8219884038 2.4261783365    0.743  2.202  3.6935  1.833    7  0.000  0.518     0.00     0.00     0.00     0.00     0.00 -1 -2.48e-09      0.00 7.405e-01 2.569e-01 1.660e-04 5.170e-05 4.274e-04 -1.000 2.584e-03 -0.734 0.362 0.024 -0.416 -0.690 -0.897 -1.356 -1.419
0.00097797 -1.20000 10.07918 0.8220078945 2.4261847406    0.741  2.242  3.6900  1.778    7  0.000  0.518     0.00     0.00     0.00     0.00     0.00 -1 -3.21e-09      0.00 7.405e-01 2.569e-01 1.660e-04 5.170e-05 4.274e-04 -1.000 2.584e-03 -0.835 0.295 -0.053 -0.502 -0.781 -0.991 -1.457 -1.521
0.00097797 -1.20000 10.07918 0.8220268488 2.4261909680    0.738  2.284  3.6863  1.719    7  0.000  0.518     0.00     0.00     0.00     0.00     0.00 -1 -4.07e-09      0.00 7.405e-01 2.569e-01 1.660e-04 5.170e-05 4.274e-04 -1.000 2.584e-03 -0.941 0.227 -0.131 -0.590 -0.874 -1.088 -1.561 -1.627
0.00097797 -1.20000 10.07918 0.8220434785 2.4261964315    0.734  2.326  3.6827  1.661    7  0.000  0.518     0.00     0.00     0.00     0.00     0.00 -1 -5.25e-09      0.00 7.405e-01 2.569e-01 1.660e-04 5.170e-05 4.274e-04 -1.000 2.584e-03 -1.044 0.165 -0.207 -0.680 -0.970 -1.188 -1.667 -1.734
0.00097797 -1.20000 10.07918 0.8220581412 2.4262012485    0.730  2.367  3.6792  1.603    7  0.000  0.518     0.00     0.00     0.00     0.00     0.00 -1 -6.76e-09      0.00 7.405e-01 2.569e-01 1.660e-04 5.170e-05 4.274e-04 -1.000 2.583e-03 -1.148 0.108 -0.281 -0.768 -1.066 -1.287 -1.772 -1.840
0.00097797 -1.20000 10.07918 0.8220709562 2.4262054583    0.725  2.408  3.6757  1.545    7  0.000  0.518     0.00     0.00     0.00     0.00     0.00 -1 -8.71e-09      0.00 7.405e-01 2.570e-01 1.659e-04 5.170e-05 4.274e-04 -1.000 2.487e-03 -1.251 0.054 -0.352 -0.855 -1.160 -1.386 -1.877 -1.946
0.00097797 -1.20000 10.07918 0.8220822811 2.4262091785    0.720  2.449  3.6722  1.487    7  0.000  0.518     0.00     0.00     0.00     0.00     0.00 -1 -1.12e-08      0.00 7.405e-01 2.570e-01 1.659e-04 5.172e-05 4.274e-04 -1.000 2.483e-03 -1.353 0.003 -0.421 -0.940 -1.253 -1.483 -1.981 -2.051
0.00097797 -1.20000 10.07918 0.8220923543 2.4262124874    0.714  2.490  3.6688  1.429    7  0.000  0.517     0.00     0.00     0.00     0.00     0.00 -1 -1.44e-08      0.00 7.405e-01 2.570e-01 1.657e-04 5.180e-05 4.274e-04 -1.000 2.481e-03 -1.456 -0.043 -0.487 -1.023 -1.344 -1.579 -2.084 -2.156
0.00097797 -1.20000 10.07918 0.8221015334 2.4262155026    0.707  2.531  3.6653  1.370    7  0.000  0.514     8.49     6.55     4.60     3.58     2.89  3 -1.86e-08      0.00 7.405e-01 2.571e-01 1.649e-04 5.224e-05 4.274e-04 -1.000 2.386e-03 -1.558 -0.084 -0.549 -1.104 -1.434 -1.674 -2.186 -2.259
0.00097797 -1.20000 10.07918 0.8221099377 2.4262182631    0.699  2.572  3.6617  1.310    7  0.000  0.509     9.61     7.27     5.09     3.97     3.21  2 -2.39e-08      0.00 7.405e-01 2.571e-01 1.630e-04 5.398e-05 4.274e-04 -1.000 2.381e-03 -1.659 -0.118 -0.607 -1.182 -1.521 -1.767 -2.287 -2.361
0.00097797 -1.20000 10.07918 0.8221158385 2.4262202013    0.692  2.602  3.6529  1.240    7  0.000  0.502    11.13     8.24     5.72     4.47     3.62  2    -3e-08      0.00 7.405e-01 2.571e-01 1.610e-04 5.631e-05 4.274e-04 -1.000 2.380e-03 -1.735 -0.051 -0.582 -1.194 -1.554 -1.811 -2.351 -2.429
0.00097797 -1.20000 10.07918 0.8221231699 2.4262226094    0.681  2.642  3.6490  1.176    7  0.000  0.493    12.69     9.20     6.36     4.98     4.03  2 -3.87e-08      0.00 7.405e-01 2.572e-01 1.579e-04 6.002e-05 4.274e-04 -1.000 2.284e-03 -1.836 -0.085 -0.634 -1.262 -1.632 -1.894 -2.445 -2.525
0.00097797 -1.20000 10.07918 0.8221301436 2.4262248999    0.666  2.683  3.6458  1.114    7  0.000  0.484    14.42    10.24     7.04     5.53     4.47  2  -5.1e-08      0.00 7.405e-01 2.572e-01 1.550e-04 6.350e-05 4.274e-04 -1.000 2.284e-03 -1.937 -0.128 -0.693 -1.335 -1.714 -1.980 -2.540 -2.621
0.00097797 -1.20000 10.07918 0.8221368194 2.4262270925    0.648  2.723  3.6426  1.049    7  0.000  0.476    16.46    11.44     7.82     6.16     4.98  2 -6.88e-08      0.00 7.404e-01 2.573e-01 1.526e-04 6.650e-05 4.274e-04 -1.000 2.283e-03 -2.038 -0.170 -0.751 -1.407 -1.794 -2.065 -2.634 -2.717
0.00097797 -1.20000 10.07918 0.8221433759 2.4262292459    0.623  2.763  3.6396  0.980    7  0.000  0.469    18.92    12.83     8.72     6.89     5.57  1 -9.49e-08      0.00 7.404e-01 2.573e-01 1.505e-04 6.911e-05 4.274e-04 -1.000 2.282e-03 -2.139 -0.209 -0.808 -1.478 -1.875 -2.150 -2.729 -2.813
0.00097797 -1.20000 10.07918 0.8221493363 2.4262312035    0.592  2.804  3.6382  0.911    7  0.000  0.464    21.67    14.34     9.69     7.68     6.21  1 -1.37e-07      0.00 7.404e-01 2.574e-01 1.487e-04 7.134e-05 4.274e-04 -1.000 2.187e-03 -2.241 -0.265 -0.878 -1.561 -1.966 -2.244 -2.830 -2.915
0.00097797 -1.20000 10.07918 0.8221548200 2.4262330045    0.551  2.845  3.6421  0.855    7  0.000  0.458    24.09    15.58    10.47     8.33     6.74  1 -2.06e-07      0.00 7.403e-01 2.575e-01 1.469e-04 7.341e-05 4.273e-04 -1.000 2.189e-03 -2.342 -0.400 -1.010 -1.689 -2.089 -2.366 -2.944 -3.028
0.00097797 -1.20000 10.07918 0.8221573830 2.4262338463    0.510  2.866  3.6563  0.857    7  0.000  0.455    23.58    15.21    10.22     8.15     6.59  1 -2.54e-07      0.00 7.403e-01 2.575e-01 1.458e-04 7.486e-05 4.273e-04 -1.000 2.183e-03 -2.396 -0.648 -1.214 -1.853 -2.224 -2.488 -3.033 -3.109
0.00097797 -1.20000 10.07918 1.0947910547 2.4907996076    0.546 -9.999  3.5838  7.958    9  0.546  0.000     0.00     0.00     0.00     0.00     0.00 -1    -1e-30      0.00 7.277e-01 2.713e-01 1.325e-04 1.048e-04 4.320e-04 -1.000 9.275e-04 29.767 32.264 31.715 30.907 30.348 29.999 29.141 29.024
#isochrone terminated
