# File generated by CMD 3.9 (http://stev.oapd.inaf.it/cmd) on Sun Jun  7 20:20:50 UTC 2026
# isochrones based on PARSEC release v1.2S +  COLIBRI S_37 + S_35 + PR16
# Basic references: Bressan et al. (2012), MNRAS, 427, 127 + Chen et al. (2014, 2015), MNRAS, 444, 2525 + MNRAS, 452, 1068 + Tang et al. (2014), MNRAS, 445, 4287 + Marigo et al. (2017), ApJ, 835, 77 + Pastorelli al. (2019), MNRAS, 485, 5666 + Pastorelli al. (2020), MNRAS, in press
# Thermal pulse cycles included 
# On RGB, assumed Reimers mass loss with efficiency eta=0.2
# LPV periods and growth rates added cf. Trabucchi et al. (2019)
# but fundamental-mode LPV periods + transition are from Trabucchi et al. (2021)
# Photometric system: HST/ACS WFC - updated filters and zeropoints, 2021
# Using YBC version of bolometric corrections as in Chen et al. (2019)
# O-rich circumstellar dpmod60alox40 dust from Groenewegen (2006)
# C-rich circumstellar AMCSIC15 dust from Groenewegen (2006)
# IMF: Kroupa (2001, 2002) + Kroupa et al. (2013) canonical two-part-power law IMF corrected for unresolved binaries 
# Kind of output: isochrone tables
# Zini     MH   logAge Mini        int_IMF         Mass   logL    logTe  logg  label   McoreTP C_O  period0  period1  period2  period3  period4  pmode  Mloss  tau1m   X   Y   Xc  Xn  Xo  Cexcess  Z 	 mbolmag  F435Wmag  F475Wmag  F555Wmag  F606Wmag  F625Wmag  F775Wmag  F814Wmag
0.0015467 -1.00000 10.07918 0.0900000036 1.0816895926    0.090 -3.239  3.4439  5.358    1  0.000  0.545     0.00     0.00     0.00     0.00     0.00 -1 -3.61e-17      0.00 7.449e-01 2.534e-01 2.929e-04 7.903e-05 7.168e-04 -1.000 1.629e-03 12.867 18.665 17.565 16.667 15.712 15.349 12.805 12.464
0.0015467 -1.00000 10.07918 0.0972700790 1.1478891549    0.097 -3.063  3.4687  5.316    1  0.000  0.545     0.00     0.00     0.00     0.00     0.00 -1 -6.18e-17      0.00 7.441e-01 2.543e-01 2.929e-04 7.903e-05 7.168e-04 -1.000 1.629e-03 12.427 17.369 16.434 15.490 14.666 14.303 12.205 11.927
0.0015467 -1.00000 10.07918 0.1000000015 1.1711064122    0.100 -3.000  3.4776  5.300    1  0.000  0.545     0.00     0.00     0.00     0.00     0.00 -1  -8.9e-17      0.00 7.437e-01 2.546e-01 2.929e-04 7.903e-05 7.168e-04 -1.000 1.629e-03 12.270 16.935 16.050 15.091 14.312 13.949 11.998 11.741
0.0015467 -1.00000 10.07918 0.1200000048 1.3193154741    0.120 -2.719  3.5109  5.231    1  0.000  0.545     0.00     0.00     0.00     0.00     0.00 -1 -1.68e-16      0.00 7.417e-01 2.567e-01 2.929e-04 7.903e-05 7.168e-04 -1.000 1.629e-03 11.567 15.319 14.580 13.617 12.960 12.597 11.147 10.952
0.0015467 -1.00000 10.07918 0.1400000006 1.4384526719    0.140 -2.534  3.5287  5.184    1  0.000  0.545     0.00     0.00     0.00     0.00     0.00 -1 -2.51e-16      0.00 7.401e-01 2.583e-01 2.929e-04 7.903e-05 7.168e-04 -1.000 1.629e-03 11.105 14.456 13.776 12.849 12.228 11.867 10.627 10.457
0.0015467 -1.00000 10.07918 0.1599999964 1.5372931554    0.160 -2.393  3.5399  5.146    1  0.000  0.545     0.00     0.00     0.00     0.00     0.00 -1  -3.4e-16      0.00 7.388e-01 2.596e-01 2.929e-04 7.904e-05 7.168e-04 -1.000 1.629e-03 10.751 13.877 13.231 12.336 11.732 11.374 10.244 10.088
0.0015467 -1.00000 10.07918 0.2000000179 1.6938791367    0.200 -2.172  3.5546  5.081    1  0.000  0.545     0.00     0.00     0.00     0.00     0.00 -1 -5.45e-16      0.00 7.373e-01 2.611e-01 2.929e-04 7.904e-05 7.168e-04 -1.000 1.629e-03 10.199 13.057 12.452 11.603 11.016 10.662 9.660 9.519
0.0015467 -1.00000 10.07918 0.2500000000 1.8403257998    0.250 -1.966  3.5661  5.019    1  0.000  0.545     0.00     0.00     0.00     0.00     0.00 -1 -1.98e-16      0.00 7.370e-01 2.614e-01 2.929e-04 7.904e-05 7.168e-04 -1.000 1.629e-03 9.685 12.352 11.774 10.962 10.388 10.039 9.125 8.996
0.0015467 -1.00000 10.07918 0.3000000417 1.9529140366    0.300 -1.808  3.5749  4.974    1  0.000  0.545     0.00     0.00     0.00     0.00     0.00 -1 -1.77e-18      0.00 7.371e-01 2.612e-01 2.929e-04 7.904e-05 7.168e-04 -1.000 1.629e-03 9.289 11.824 11.264 10.479 9.918 9.573 8.716 8.593
0.0015467 -1.00000 10.07918 0.3499999940 2.0434174644    0.350 -1.676  3.5822  4.939    1  0.000  0.545     0.00     0.00     0.00     0.00     0.00 -1 -1.52e-15      0.00 7.465e-01 2.519e-01 2.929e-04 7.903e-05 7.168e-04 -1.000 1.629e-03 8.960 11.390 10.846 10.083 9.534 9.193 8.377 8.260
0.0015467 -1.00000 10.07918 0.3528360128 2.0480412869    0.353 -1.667  3.5829  4.936    1  0.000  0.545     0.00     0.00     0.00     0.00     0.00 -1 -1.55e-15      0.00 7.465e-01 2.519e-01 2.929e-04 7.903e-05 7.168e-04 -1.000 1.629e-03 8.937 11.358 10.815 10.054 9.506 9.166 8.353 8.237
0.0015467 -1.00000 10.07918 0.4000000060 2.1185024399    0.400 -1.523  3.5935  4.889    1  0.000  0.545     0.00     0.00     0.00     0.00     0.00 -1 -2.14e-15      0.00 7.470e-01 2.514e-01 2.929e-04 7.903e-05 7.168e-04 -1.000 1.629e-03 8.578 10.854 10.333 9.604 9.076 8.743 7.982 7.873
0.0015467 -1.00000 10.07918 0.4499999881 2.1822809009    0.450 -1.345  3.6104  4.830    1  0.000  0.545     0.00     0.00     0.00     0.00     0.00 -1 -3.25e-15      0.00 7.470e-01 2.514e-01 2.929e-04 7.903e-05 7.168e-04 -1.000 1.629e-03 8.133 10.189 9.704 9.026 8.536 8.218 7.521 7.421
0.0015467 -1.00000 10.07918 0.4992236197 2.2366529866    0.499 -1.146  3.6369  4.782    1  0.000  0.545     0.00     0.00     0.00     0.00     0.00 -1 -5.17e-15      0.00 7.470e-01 2.514e-01 2.929e-04 7.903e-05 7.168e-04 -1.000 1.629e-03 7.636 9.363 8.934 8.332 7.906 7.615 7.008 6.922
0.0015467 -1.00000 10.07918 0.5000000000 2.2374541529    0.500 -1.143  3.6373  4.781    1  0.000  0.545     0.00     0.00     0.00     0.00     0.00 -1  -5.2e-15      0.00 7.470e-01 2.514e-01 2.929e-04 7.903e-05 7.168e-04 -1.000 1.629e-03 7.628 9.351 8.922 8.322 7.897 7.606 7.000 6.914
0.0015467 -1.00000 10.07918 0.5500000715 2.2836583126    0.550 -0.918  3.6704  4.730    1  0.000  0.544     0.00     0.00     0.00     0.00     0.00 -1 -8.83e-15      0.00 7.811e-01 2.174e-01 2.564e-04 6.921e-05 6.280e-04 -1.000 1.432e-03 7.065 8.394 8.030 7.526 7.182 6.931 6.423 6.353
0.0015467 -1.00000 10.07918 0.6000000238 2.3211213258    0.600 -0.711  3.7008  4.682    1  0.000  0.544     0.00     0.00     0.00     0.00     0.00 -1 -1.44e-14      0.00 7.889e-01 2.097e-01 2.488e-04 6.720e-05 6.100e-04 -1.000 1.388e-03 6.547 7.602 7.278 6.843 6.560 6.345 5.899 5.840
0.0015467 -1.00000 10.07918 0.6064124703 2.3254146885    0.606 -0.683  3.7050  4.676    1  0.000  0.544     0.00     0.00     0.00     0.00     0.00 -1 -1.53e-14      0.00 7.899e-01 2.087e-01 2.477e-04 6.691e-05 6.074e-04 -1.000 1.390e-03 6.479 7.503 7.185 6.758 6.482 6.271 5.832 5.775
0.0015467 -1.00000 10.07918 0.6233355403 2.3362590706    0.623 -0.612  3.7161  4.660    1  0.000  0.544     0.00     0.00     0.00     0.00     0.00 -1 -1.82e-14      0.00 7.929e-01 2.058e-01 2.448e-04 6.612e-05 6.004e-04 -1.000 1.362e-03 6.299 7.245 6.943 6.538 6.278 6.078 5.658 5.604
0.0015467 -1.00000 10.07918 0.6391172409 2.3457792150    0.639 -0.545  3.7262  4.645    1  0.000  0.543     0.00     0.00     0.00     0.00     0.00 -1 -1.93e-14      0.00 7.956e-01 2.030e-01 2.419e-04 6.536e-05 5.935e-04 -1.000 1.386e-03 6.131 7.012 6.726 6.339 6.093 5.901 5.498 5.447
0.0015467 -1.00000 10.07918 0.6499999762 2.3520353107    0.650 -0.498  3.7331  4.633    1  0.000  0.543     0.00     0.00     0.00     0.00     0.00 -1 -2.38e-14      0.00 7.977e-01 2.010e-01 2.399e-04 6.483e-05 5.887e-04 -1.000 1.337e-03 6.015 6.854 6.579 6.204 5.967 5.781 5.389 5.340
0.0015467 -1.00000 10.07918 0.6589986682 2.3570292575    0.659 -0.460  3.7382  4.621    1  0.000  0.543     0.00     0.00     0.00     0.00     0.00 -1 -2.62e-14      0.00 7.997e-01 1.990e-01 2.379e-04 6.431e-05 5.841e-04 -1.000 1.315e-03 5.919 6.729 6.462 6.096 5.865 5.683 5.298 5.250
0.0015467 -1.00000 10.07918 0.6724911332 2.3642298690    0.672 -0.401  3.7458  4.602    1  0.000  0.543     0.00     0.00     0.00     0.00     0.00 -1 -3.03e-14      0.00 8.028e-01 1.959e-01 2.349e-04 6.351e-05 5.769e-04 -1.000 1.305e-03 5.773 6.542 6.287 5.934 5.713 5.536 5.163 5.118
0.0015467 -1.00000 10.07918 0.6849575639 2.3705937683    0.685 -0.347  3.7525  4.582    1  0.000  0.543     0.00     0.00     0.00     0.00     0.00 -1 -2.38e-14      0.00 8.058e-01 1.929e-01 2.319e-04 6.273e-05 5.699e-04 -1.000 1.294e-03 5.636 6.369 6.125 5.785 5.571 5.400 5.038 4.995
0.0015467 -1.00000 10.07918 0.6971715093 2.3765756222    0.697 -0.292  3.7589  4.561    1  0.000  0.542     0.00     0.00     0.00     0.00     0.00 -1 -1.09e-14      0.00 8.089e-01 1.899e-01 2.290e-04 6.194e-05 5.629e-04 -1.000 1.264e-03 5.500 6.199 5.966 5.637 5.431 5.266 4.914 4.873
0.0015467 -1.00000 10.07918 0.6999999881 2.3779266974    0.700 -0.279  3.7604  4.556    1  0.000  0.542     0.00     0.00     0.00     0.00     0.00 -1 -4.16e-14      0.00 8.096e-01 1.891e-01 2.282e-04 6.175e-05 5.612e-04 -1.000 1.283e-03 5.468 6.159 5.929 5.603 5.399 5.234 4.885 4.844
0.0015467 -1.00000 10.07918 0.7025200129 2.3791199008    0.702 -0.268  3.7617  4.551    1  0.000  0.542     0.00     0.00     0.00     0.00     0.00 -1 -4.29e-14      0.00 8.104e-01 1.883e-01 2.273e-04 6.155e-05 5.595e-04 -1.000 1.296e-03 5.439 6.124 5.896 5.572 5.370 5.206 4.859 4.818
0.0015467 -1.00000 10.07918 0.7114205956 2.3832565361    0.711 -0.226  3.7661  4.532    1  0.000  0.540     0.00     0.00     0.00     0.00     0.00 -1 -4.79e-14      0.00 8.132e-01 1.856e-01 2.241e-04 6.082e-05 5.531e-04 -1.000 1.235e-03 5.335 5.999 5.778 5.463 5.265 5.105 4.765 4.725
0.0015467 -1.00000 10.07918 0.7200596333 2.3871593493    0.720 -0.185  3.7702  4.513    1  0.000  0.539     0.00     0.00     0.00     0.00     0.00 -1 -5.35e-14      0.00 8.160e-01 1.828e-01 2.209e-04 6.008e-05 5.466e-04 -1.000 1.203e-03 5.232 5.875 5.662 5.354 5.162 5.005 4.671 4.633
0.0015467 -1.00000 10.07918 0.7283614874 2.3908096926    0.728 -0.144  3.7741  4.492    1  0.000  0.537     0.00     0.00     0.00     0.00     0.00 -1 -5.98e-14      0.00 8.189e-01 1.799e-01 2.177e-04 5.935e-05 5.402e-04 -1.000 1.233e-03 5.129 5.755 5.549 5.248 5.059 4.906 4.578 4.541
0.0015467 -1.00000 10.07918 0.7393695712 2.3955048962    0.739 -0.088  3.7789  4.462    1  0.000  0.535     0.00     0.00     0.00     0.00     0.00 -1 -3.23e-15      0.00 8.229e-01 1.759e-01 2.134e-04 5.833e-05 5.312e-04 -1.000 1.205e-03 4.989 5.591 5.394 5.102 4.919 4.769 4.449 4.413
0.0015467 -1.00000 10.07918 0.7497119308 2.3997719917    0.749 -0.032  3.7832  4.429    1  0.000  0.533     0.00     0.00     0.00     0.00     0.00 -1 -7.16e-14      0.00 8.268e-01 1.720e-01 2.090e-04 5.731e-05 5.223e-04 -1.000 1.203e-03 4.850 5.433 5.242 4.959 4.781 4.634 4.321 4.286
0.0015467 -1.00000 10.07918 0.7500000000 2.3998889087    0.750 -0.030  3.7833  4.428    1  0.000  0.533     0.00     0.00     0.00     0.00     0.00 -1 -8.23e-14      0.00 8.270e-01 1.718e-01 2.089e-04 5.728e-05 5.220e-04 -1.000 1.203e-03 4.846 5.428 5.238 4.955 4.777 4.630 4.317 4.283
0.0015467 -1.00000 10.07918 0.7561737299 2.4023700009    0.756  0.004  3.7855  4.406    1  0.000  0.533     0.00     0.00     0.00     0.00     0.00 -1 -9.11e-14      0.00 8.300e-01 1.688e-01 2.060e-04 5.650e-05 5.150e-04 -1.000 1.196e-03 4.760 5.332 5.145 4.866 4.691 4.546 4.236 4.202
0.0015467 -1.00000 10.07918 0.7640047073 2.4054508595    0.763  0.051  3.7881  4.374    1  0.000  0.533     0.00     0.00     0.00     0.00     0.00 -1 -1.04e-13      0.00 8.338e-01 1.650e-01 2.023e-04 5.550e-05 5.060e-04 -1.000 1.185e-03 4.644 5.204 5.022 4.748 4.575 4.432 4.127 4.093
0.0015467 -1.00000 10.07918 0.7743600011 2.4094150053    0.774  0.115  3.7912  4.328    1  0.000  0.532     0.00     0.00     0.00     0.00     0.00 -1 -1.27e-13      0.00 8.388e-01 1.601e-01 1.974e-04 5.419e-05 4.943e-04 -1.000 1.117e-03 4.481 5.026 4.850 4.582 4.413 4.273 3.973 3.940
0.0015467 -1.00000 10.07918 0.7840639949 2.4130207384    0.783  0.180  3.7934  4.277    1  0.000  0.532     0.00     0.00     0.00     0.00     0.00 -1 -1.55e-13      0.00 8.429e-01 1.560e-01 1.933e-04 5.310e-05 4.846e-04 -1.000 1.103e-03 4.320 4.854 4.681 4.418 4.251 4.113 3.817 3.785
0.0015467 -1.00000 10.07918 0.7926220298 2.4161165530    0.792  0.241  3.7948  4.226    1  0.000  0.531     0.00     0.00     0.00     0.00     0.00 -1 -1.89e-13      0.00 8.447e-01 1.542e-01 1.914e-04 5.260e-05 4.802e-04 -1.000 1.130e-03 4.167 4.692 4.522 4.262 4.098 3.961 3.667 3.635
0.0015467 -1.00000 10.07918 0.7945462465 2.4168020739    0.794  0.256  3.7950  4.214    1  0.000  0.531     0.00     0.00     0.00     0.00     0.00 -1 -1.42e-14      0.00 8.450e-01 1.539e-01 1.912e-04 5.253e-05 4.795e-04 -1.000 1.137e-03 4.131 4.655 4.486 4.226 4.062 3.925 3.632 3.600
0.0015467 -1.00000 10.07918 0.7978438735 2.4179680477    0.797  0.282  3.7949  4.188    1  0.000  0.531     0.00     0.00     0.00     0.00     0.00 -1 -7.63e-14      0.00 8.453e-01 1.536e-01 1.909e-04 5.245e-05 4.789e-04 -1.000 1.137e-03 4.064 4.588 4.418 4.159 3.994 3.858 3.565 3.533
0.0015467 -1.00000 10.07918 0.8000000119 2.4187244405    0.799  0.301  3.7945  4.169    1  0.000  0.531     0.00     0.00     0.00     0.00     0.00 -1  -2.3e-13      0.00 8.455e-01 1.534e-01 1.907e-04 5.241e-05 4.785e-04 -1.000 1.118e-03 4.017 4.542 4.372 4.112 3.948 3.811 3.517 3.486
0.0015467 -1.00000 10.07918 0.8036515713 2.4199948007    0.802  0.333  3.7939  4.137    1  0.000  0.531     0.00     0.00     0.00     0.00     0.00 -1 -2.55e-13      0.00 8.452e-01 1.538e-01 1.913e-04 5.256e-05 4.799e-04 -1.000 1.089e-03 3.938 4.464 4.293 4.033 3.868 3.731 3.437 3.405
0.0015467 -1.00000 10.07918 0.8087474108 2.4217455870    0.807  0.382  3.7916  4.082    1  0.000  0.531     0.00     0.00     0.00     0.00     0.00 -1 -3.04e-13      0.00 8.440e-01 1.549e-01 1.931e-04 5.308e-05 4.846e-04 -1.000 1.131e-03 3.816 4.348 4.176 3.912 3.745 3.606 3.309 3.277
0.0015467 -1.00000 10.07918 0.8097284436 2.4220797345    0.808  0.392  3.7910  4.070    1  0.000  0.531     0.00     0.00     0.00     0.00     0.00 -1 -3.15e-13      0.00 8.437e-01 1.551e-01 1.934e-04 5.318e-05 4.855e-04 -1.000 1.140e-03 3.791 4.326 4.152 3.888 3.720 3.581 3.283 3.251
0.0015467 -1.00000 10.07918 0.8129560947 2.4231725555    0.812  0.428  3.7872  4.020    2  0.000  0.531     0.00     0.00     0.00     0.00     0.00 -1 -3.63e-13      0.00 8.410e-01 1.579e-01 1.976e-04 5.431e-05 4.958e-04 -1.000 1.145e-03 3.699 4.248 4.070 3.800 3.628 3.487 3.183 3.149
0.0015467 -1.00000 10.07918 0.8163912892 2.4243247373    0.815  0.472  3.7805  3.952    2  0.000  0.531     0.00     0.00     0.00     0.00     0.00 -1 -4.32e-13      0.00 8.323e-01 1.666e-01 2.093e-04 5.751e-05 5.249e-04 -1.000 1.185e-03 3.591 4.168 3.980 3.699 3.521 3.374 3.060 3.025
0.0015467 -1.00000 10.07918 0.8187477589 2.4251086829    0.817  0.504  3.7727  3.889    2  0.000  0.532     0.00     0.00     0.00     0.00     0.00 -1    -5e-13      0.00 8.150e-01 1.837e-01 2.279e-04 6.254e-05 5.704e-04 -1.000 1.288e-03 3.511 4.123 3.923 3.628 3.442 3.290 2.963 2.926
0.0015467 -1.00000 10.07918 0.8204788566 2.4256812827    0.819  0.528  3.7638  3.830    2  0.000  0.534     0.00     0.00     0.00     0.00     0.00 -1 -5.66e-13      0.00 7.950e-01 2.036e-01 2.459e-04 6.739e-05 6.139e-04 -1.000 1.387e-03 3.449 4.104 3.889 3.579 3.383 3.225 2.884 2.844
0.0015467 -1.00000 10.07918 0.8218962550 2.4261480546    0.820  0.552  3.7542  3.768    2  0.000  0.535     0.00     0.00     0.00     0.00     0.00 -1 -6.42e-13      0.00 7.804e-01 2.181e-01 2.584e-04 7.073e-05 6.436e-04 -1.000 1.465e-03 3.389 4.092 3.863 3.535 3.329 3.164 2.808 2.765
0.0015467 -1.00000 10.07918 0.8229976892 2.4265094980    0.821  0.581  3.7460  3.708    2  0.000  0.536     0.00     0.00     0.00     0.00     0.00 -1 -7.33e-13      0.00 7.723e-01 2.262e-01 2.654e-04 7.259e-05 6.601e-04 -1.000 1.485e-03 3.319 4.065 3.822 3.481 3.266 3.095 2.726 2.681
0.0015467 -1.00000 10.07918 0.8238890171 2.4268011801    0.822  0.614  3.7398  3.650    2  0.000  0.536     0.00     0.00     0.00     0.00     0.00 -1 -8.46e-13      0.00 7.674e-01 2.311e-01 2.696e-04 7.370e-05 6.701e-04 -1.000 1.499e-03 3.234 4.013 3.761 3.410 3.188 3.012 2.634 2.587
0.0015467 -1.00000 10.07918 0.8245944381 2.4270315112    0.823  0.649  3.7356  3.598    2  0.000  0.537     0.00     0.00     0.00     0.00     0.00 -1 -9.73e-13      0.00 7.642e-01 2.343e-01 2.722e-04 7.440e-05 6.763e-04 -1.000 1.543e-03 3.147 3.950 3.691 3.333 3.106 2.928 2.543 2.494
0.0015467 -1.00000 10.07918 0.8249440789 2.4271455066    0.823  0.669  3.7337  3.572    2  0.000  0.537     0.00     0.00     0.00     0.00     0.00 -1 -1.05e-12      0.00 7.627e-01 2.357e-01 2.733e-04 7.470e-05 6.790e-04 -1.000 1.566e-03 3.098 3.912 3.650 3.289 3.060 2.881 2.492 2.444
0.0015467 -1.00000 10.07918 0.8250667453 2.4271854739    0.823  0.677  3.7332  3.561    2  0.000  0.537     0.00     0.00     0.00     0.00     0.00 -1 -1.08e-12      0.00 7.623e-01 2.362e-01 2.736e-04 7.478e-05 6.797e-04 -1.000 1.566e-03 3.078 3.895 3.633 3.270 3.041 2.861 2.472 2.423
0.0015467 -1.00000 10.07918 0.8257120848 2.4273955142    0.824  0.721  3.7306  3.507    3  0.000  0.537     0.00     0.00     0.00     0.00     0.00 -1 -1.27e-12      0.00 7.598e-01 2.386e-01 2.751e-04 7.520e-05 6.834e-04 -1.000 1.561e-03 2.968 3.800 3.533 3.166 2.935 2.753 2.360 2.310
0.0015467 -1.00000 10.07918 0.8262557983 2.4275721852    0.824  0.762  3.7286  3.459    3  0.000  0.537     0.00     0.00     0.00     0.00     0.00 -1 -1.48e-12      0.00 7.578e-01 2.406e-01 2.763e-04 7.551e-05 6.862e-04 -1.000 1.535e-03 2.866 3.709 3.439 3.069 2.836 2.653 2.257 2.206
0.0015467 -1.00000 10.07918 0.8268591762 2.4277679304    0.825  0.811  3.7266  3.402    3  0.000  0.537     0.00     0.00     0.00     0.00     0.00 -1 -1.76e-12      0.00 7.556e-01 2.428e-01 2.773e-04 7.582e-05 6.888e-04 -1.000 1.577e-03 2.743 3.599 3.326 2.952 2.717 2.533 2.133 2.082
0.0015467 -1.00000 10.07918 0.8274167776 2.4279485331    0.825  0.860  3.7249  3.347    3  0.000  0.536     0.00     0.00     0.00     0.00     0.00 -1  -2.1e-12      0.00 7.535e-01 2.450e-01 2.779e-04 7.609e-05 6.909e-04 -1.000 1.547e-03 2.621 3.486 3.210 2.834 2.597 2.412 2.010 1.958
0.0015467 -1.00000 10.07918 0.8279762268 2.4281294532    0.826  0.913  3.7232  3.286    3  0.000  0.535     0.00     0.00     0.00     0.00     0.00 -1 -2.55e-12      0.00 7.513e-01 2.472e-01 2.780e-04 7.647e-05 6.927e-04 -1.000 1.551e-03 2.486 3.362 3.083 2.704 2.466 2.279 1.875 1.823
0.0015467 -1.00000 10.07918 0.8284716606 2.4282894368    0.826  0.966  3.7216  3.228    3  0.000  0.533     0.00     0.00     0.00     0.00     0.00 -1 -3.07e-12      0.00 7.493e-01 2.492e-01 2.774e-04 7.715e-05 6.941e-04 -1.000 1.545e-03 2.356 3.241 2.960 2.578 2.338 2.151 1.744 1.691
0.0015467 -1.00000 10.07918 0.8288919926 2.4284249964    0.827  1.014  3.7202  3.175    3  0.000  0.530     0.00     0.00     0.00     0.00     0.00 -1 -3.65e-12      0.00 7.476e-01 2.508e-01 2.762e-04 7.828e-05 6.951e-04 -1.000 1.577e-03 2.236 3.129 2.846 2.462 2.221 2.033 1.623 1.570
0.0015467 -1.00000 10.07918 0.8292209506 2.4285309771    0.827  1.054  3.7189  3.129    3  0.000  0.527     0.00     0.00     0.00     0.00     0.00 -1 -4.22e-12      0.00 7.463e-01 2.521e-01 2.748e-04 7.960e-05 6.957e-04 -1.000 1.578e-03 2.135 3.036 2.751 2.365 2.122 1.933 1.522 1.468
0.0015467 -1.00000 10.07918 0.8295852542 2.4286482323    0.827  1.102  3.7174  3.075    3  0.000  0.523     0.00     0.00     0.00     0.00     0.00 -1 -5.02e-12      0.00 7.450e-01 2.534e-01 2.729e-04 8.156e-05 6.964e-04 -1.000 1.582e-03 2.014 2.925 2.637 2.249 2.004 1.815 1.401 1.346
0.0015467 -1.00000 10.07918 0.8299334645 2.4287601971    0.827  1.153  3.7157  3.017    3  0.000  0.518     0.00     0.00     0.00     0.00     0.00 -1 -6.02e-12      0.00 7.438e-01 2.546e-01 2.708e-04 8.400e-05 6.970e-04 -1.000 1.596e-03 1.887 2.809 2.519 2.127 1.881 1.690 1.273 1.219
0.0015467 -1.00000 10.07918 0.8302488923 2.4288615277    0.828  1.204  3.7140  2.960    3  0.000  0.514     0.00     0.00     0.00     0.00     0.00 -1 -7.23e-12      0.00 7.429e-01 2.555e-01 2.688e-04 8.631e-05 6.974e-04 -1.000 1.609e-03 1.761 2.695 2.401 2.006 1.758 1.566 1.146 1.091
0.0015467 -1.00000 10.07918 0.8305242062 2.4289498993    0.828  1.252  3.7123  2.905    3  0.000  0.511     0.00     0.00     0.00     0.00     0.00 -1 -8.61e-12      0.00 7.422e-01 2.562e-01 2.674e-04 8.803e-05 6.978e-04 -1.000 1.563e-03 1.640 2.586 2.289 1.891 1.641 1.447 1.025 0.969
0.0015467 -1.00000 10.07918 0.8307731748 2.4290297566    0.828  1.300  3.7105  2.850    3  0.000  0.509     0.00     0.00     0.00     0.00     0.00 -1 -1.02e-11      0.00 7.417e-01 2.567e-01 2.663e-04 8.936e-05 6.979e-04 -1.000 1.572e-03 1.521 2.479 2.179 1.778 1.525 1.331 0.905 0.848
0.0015467 -1.00000 10.07918 0.8309970498 2.4291015180    0.828  1.346  3.7087  2.796    3  0.000  0.507     0.00     0.00     0.00     0.00     0.00 -1 -1.21e-11      0.00 7.413e-01 2.571e-01 2.655e-04 9.042e-05 6.981e-04 -1.000 1.600e-03 1.404 2.376 2.072 1.667 1.413 1.217 0.788 0.731
0.0015467 -1.00000 10.07918 0.8312049508 2.4291681193    0.828  1.394  3.7068  2.741    3  0.000  0.506     0.00     0.00     0.00     0.00     0.00 -1 -1.44e-11      0.00 7.412e-01 2.573e-01 2.651e-04 9.088e-05 6.982e-04 -1.000 1.565e-03 1.285 2.272 1.964 1.556 1.299 1.102 0.669 0.611
0.0015467 -1.00000 10.07918 0.8313889503 2.4292270318    0.828  1.440  3.7049  2.688    3  0.000  0.506     0.00     0.00     0.00     0.00     0.00 -1  -1.7e-11      0.00 7.411e-01 2.573e-01 2.649e-04 9.110e-05 6.982e-04 -1.000 1.592e-03 1.171 2.171 1.860 1.448 1.189 0.991 0.555 0.496
0.0015467 -1.00000 10.07918 0.8315605521 2.4292819477    0.828  1.486  3.7029  2.633    3  0.000  0.506     0.00     0.00     0.00     0.00     0.00 -1 -2.02e-11      0.00 7.411e-01 2.573e-01 2.649e-04 9.116e-05 6.982e-04 -1.000 1.593e-03 1.054 2.070 1.755 1.339 1.078 0.878 0.438 0.379
0.0015467 -1.00000 10.07918 0.8317122459 2.4293304711    0.828  1.531  3.7009  2.580    3  0.000  0.506     0.00     0.00     0.00     0.00     0.00 -1 -2.38e-11      0.00 7.411e-01 2.574e-01 2.649e-04 9.119e-05 6.982e-04 -1.000 1.593e-03 0.942 1.973 1.654 1.234 0.970 0.769 0.325 0.265
0.0015467 -1.00000 10.07918 0.8318474293 2.4293736959    0.828  1.575  3.6989  2.529    3  0.000  0.506     0.00     0.00     0.00     0.00     0.00 -1 -2.79e-11      0.00 7.410e-01 2.574e-01 2.648e-04 9.123e-05 6.983e-04 -1.000 1.594e-03 0.834 1.880 1.557 1.133 0.867 0.664 0.217 0.157
0.0015467 -1.00000 10.07918 0.8319728374 2.4294137807    0.828  1.618  3.6969  2.478    3  0.000  0.506     0.00     0.00     0.00     0.00     0.00 -1 -3.27e-11      0.00 7.410e-01 2.574e-01 2.648e-04 9.126e-05 6.983e-04 -1.000 1.594e-03 0.725 1.788 1.461 1.032 0.764 0.559 0.109 0.047
0.0015467 -1.00000 10.07918 0.8320840597 2.4294493196    0.828  1.660  3.6949  2.428    3  0.000  0.506     0.00     0.00     0.00     0.00     0.00 -1 -3.82e-11      0.00 7.410e-01 2.574e-01 2.648e-04 9.128e-05 6.983e-04 -1.000 1.594e-03 0.620 1.700 1.369 0.936 0.664 0.458 0.003 -0.059
0.0015467 -1.00000 10.07918 0.8321889639 2.4294828297    0.828  1.702  3.6928  2.377    3  0.000  0.506     0.00     0.00     0.00     0.00     0.00 -1 -4.47e-11      0.00 7.410e-01 2.574e-01 2.648e-04 9.131e-05 6.983e-04 -1.000 1.594e-03 0.514 1.612 1.276 0.838 0.563 0.355 -0.103 -0.166
0.0015467 -1.00000 10.07918 0.8322834969 2.4295130185    0.828  1.743  3.6907  2.327    3  0.000  0.506     0.00     0.00     0.00     0.00     0.00 -1 -5.19e-11      0.00 7.410e-01 2.574e-01 2.648e-04 9.133e-05 6.983e-04 -1.000 1.594e-03 0.412 1.528 1.187 0.744 0.466 0.256 -0.206 -0.269
0.0015467 -1.00000 10.07918 0.8323718309 2.4295412205    0.827  1.783  3.6886  2.279    3  0.000  0.506     0.00     0.00     0.00     0.00     0.00 -1 -6.02e-11      0.00 7.410e-01 2.574e-01 2.647e-04 9.135e-05 6.983e-04 -1.000 1.595e-03 0.312 1.447 1.100 0.653 0.372 0.160 -0.305 -0.370
0.0015467 -1.00000 10.07918 0.8324565291 2.4295682553    0.827  1.822  3.6866  2.232    3  0.000  0.506     0.00     0.00     0.00     0.00     0.00 -1 -6.95e-11      0.00 7.410e-01 2.574e-01 2.647e-04 9.137e-05 6.983e-04 -1.000 1.595e-03 0.215 1.370 1.018 0.565 0.282 0.069 -0.401 -0.466
0.0015467 -1.00000 10.07918 0.8325433731 2.4295959685    0.827  1.856  3.6849  2.191    3  0.000  0.506     0.00     0.00     0.00     0.00     0.00 -1  -7.9e-11      0.00 7.410e-01 2.574e-01 2.647e-04 9.140e-05 6.983e-04 -1.000 1.595e-03 0.129 1.301 0.945 0.488 0.202 -0.013 -0.486 -0.552
0.0015467 -1.00000 10.07918 0.8326222301 2.4296211271    0.827  1.878  3.6838  2.165    3  0.000  0.506     0.00     0.00     0.00     0.00     0.00 -1  -8.6e-11      0.00 7.410e-01 2.574e-01 2.647e-04 9.142e-05 6.983e-04 -1.000 1.595e-03 0.075 1.256 0.898 0.438 0.151 -0.065 -0.540 -0.606
0.0015467 -1.00000 10.07918 0.8327016234 2.4296464513    0.827  1.854  3.6856  2.196    3  0.000  0.506     0.00     0.00     0.00     0.00     0.00 -1 -7.91e-11      0.00 7.410e-01 2.574e-01 2.647e-04 9.143e-05 6.983e-04 -1.000 1.595e-03 0.136 1.300 0.946 0.490 0.205 -0.009 -0.481 -0.546
0.0015467 -1.00000 10.07918 0.8327156901 2.4296509376    0.827  1.849  3.6860  2.202    3  0.000  0.506     0.00     0.00     0.00     0.00     0.00 -1 -7.77e-11      0.00 7.410e-01 2.574e-01 2.647e-04 9.144e-05 6.983e-04 -1.000 1.595e-03 0.147 1.308 0.955 0.500 0.216 0.002 -0.469 -0.535
0.0015467 -1.00000 10.07918 0.8327740431 2.4296695462    0.826  1.886  3.6840  2.158    3  0.000  0.506     0.00     0.00     0.00     0.00     0.00 -1  -8.8e-11      0.00 7.410e-01 2.574e-01 2.647e-04 9.145e-05 6.983e-04 -1.000 1.596e-03 0.056 1.236 0.878 0.418 0.131 -0.085 -0.560 -0.626
0.0015467 -1.00000 10.07918 0.8328384757 2.4296900902    0.826  1.927  3.6816  2.106    3  0.000  0.506     0.00     0.00     0.00     0.00     0.00 -1 -1.02e-10      0.00 7.410e-01 2.574e-01 2.647e-04 9.147e-05 6.983e-04 -1.000 1.596e-03 -0.048 1.155 0.791 0.325 0.035 -0.183 -0.662 -0.729
0.0015467 -1.00000 10.07918 0.8329007030 2.4297099275    0.826  1.969  3.6792  2.054    3  0.000  0.506     0.00     0.00     0.00     0.00     0.00 -1  -1.2e-10      0.00 7.410e-01 2.574e-01 2.646e-04 9.148e-05 6.984e-04 -1.000 1.596e-03 -0.154 1.073 0.702 0.231 -0.063 -0.283 -0.767 -0.835
0.0015467 -1.00000 10.07918 0.8329575658 2.4297280518    0.826  2.011  3.6768  2.003    3  0.000  0.506     0.00     0.00     0.00     0.00     0.00 -1  -1.4e-10      0.00 7.410e-01 2.574e-01 2.646e-04 9.150e-05 6.984e-04 -1.000 1.596e-03 -0.257 0.994 0.618 0.140 -0.158 -0.380 -0.869 -0.938
0.0015467 -1.00000 10.07918 0.8330113888 2.4297452045    0.825  2.053  3.6743  1.951    3  0.000  0.506     0.00     0.00     0.00     0.00     0.00 -1 -1.64e-10      0.00 7.410e-01 2.575e-01 2.646e-04 9.151e-05 6.984e-04 -1.000 1.596e-03 -0.362 0.921 0.533 0.046 -0.258 -0.482 -0.975 -1.045
0.0015467 -1.00000 10.07918 0.8330599070 2.4297606644    0.825  2.093  3.6718  1.900    3  0.000  0.505     0.00     0.00     0.00     0.00     0.00 -1 -1.91e-10      0.00 7.409e-01 2.575e-01 2.646e-04 9.152e-05 6.984e-04 -1.000 1.596e-03 -0.463 0.853 0.454 -0.045 -0.353 -0.581 -1.077 -1.148
0.0015467 -1.00000 10.07918 0.8331050873 2.4297750589    0.824  2.134  3.6693  1.849    3  0.000  0.505     0.00     0.00     0.00     0.00     0.00 -1 -2.22e-10      0.00 7.409e-01 2.575e-01 2.646e-04 9.153e-05 6.984e-04 -1.000 1.596e-03 -0.565 0.786 0.375 -0.135 -0.448 -0.679 -1.180 -1.251
0.0015467 -1.00000 10.07918 0.8331463933 2.4297882175    0.824  2.174  3.6668  1.799    3  0.000  0.505     0.00     0.00     0.00     0.00     0.00 -1 -2.58e-10      0.00 7.409e-01 2.575e-01 2.646e-04 9.154e-05 6.984e-04 -1.000 1.596e-03 -0.666 0.723 0.299 -0.223 -0.541 -0.775 -1.280 -1.352
0.0015467 -1.00000 10.07918 0.8331847787 2.4298004443    0.823  2.215  3.6642  1.748    3  0.000  0.505     0.00     0.00     0.00     0.00     0.00 -1 -3.01e-10      0.00 7.409e-01 2.575e-01 2.646e-04 9.155e-05 6.984e-04 -1.000 1.596e-03 -0.766 0.661 0.224 -0.309 -0.633 -0.870 -1.380 -1.453
0.0015467 -1.00000 10.07918 0.8332195282 2.4298115119    0.823  2.254  3.6616  1.698    3  0.000  0.505     0.00     0.00     0.00     0.00     0.00 -1 -3.48e-10      0.00 7.409e-01 2.575e-01 2.646e-04 9.156e-05 6.984e-04 -1.000 1.596e-03 -0.864 0.603 0.152 -0.393 -0.723 -0.963 -1.477 -1.551
0.0015467 -1.00000 10.07918 0.8332524300 2.4298219900    0.822  2.293  3.6590  1.648    3  0.000  0.505     0.00     0.00     0.00     0.00     0.00 -1 -4.05e-10      0.00 7.409e-01 2.575e-01 2.646e-04 9.157e-05 6.984e-04 -1.000 1.596e-03 -0.964 0.546 0.080 -0.478 -0.813 -1.056 -1.575 -1.649
0.0015467 -1.00000 10.07918 0.8332824111 2.4298315371    0.822  2.332  3.6564  1.598    3  0.000  0.505     0.00     0.00     0.00     0.00     0.00 -1 -4.69e-10      0.00 7.409e-01 2.575e-01 2.646e-04 9.158e-05 6.984e-04 -1.000 1.596e-03 -1.061 0.492 0.012 -0.558 -0.899 -1.146 -1.669 -1.744
0.0015467 -1.00000 10.07918 0.8333101273 2.4298403623    0.821  2.371  3.6538  1.548    3  0.000  0.505     0.00     0.00     0.00     0.00     0.00 -1 -5.42e-10      0.00 7.409e-01 2.575e-01 2.646e-04 9.158e-05 6.984e-04 -1.000 1.597e-03 -1.158 0.440 -0.055 -0.638 -0.985 -1.235 -1.763 -1.839
0.0015467 -1.00000 10.07918 0.8333356380 2.4298484847    0.820  2.409  3.6512  1.500    3  0.000  0.505     0.00     0.00     0.00     0.00     0.00 -1 -6.27e-10      0.00 7.409e-01 2.575e-01 2.646e-04 9.159e-05 6.984e-04 -1.000 1.597e-03 -1.253 0.391 -0.120 -0.716 -1.069 -1.322 -1.854 -1.932
0.0015467 -1.00000 10.07918 0.8333647847 2.4298577640    0.819  2.456  3.6478  1.439    3  0.000  0.505     0.00     0.00     0.00     0.00     0.00 -1 -7.49e-10      0.00 7.409e-01 2.575e-01 2.646e-04 9.160e-05 6.984e-04 -1.000 1.597e-03 -1.370 0.328 -0.197 -0.806 -1.167 -1.424 -1.966 -2.045
0.0015467 -1.00000 10.07918 0.8333866596 2.4298647277    0.818  2.494  3.6452  1.389    3  0.000  0.505     0.00     0.00     0.00     0.00     0.00 -1 -8.66e-10      0.00 7.409e-01 2.575e-01 2.646e-04 9.160e-05 6.984e-04 -1.000 1.597e-03 -1.466 0.278 -0.259 -0.879 -1.246 -1.507 -2.056 -2.136
0.0015467 -1.00000 10.07918 0.8334106803 2.4298723741    0.817  2.539  3.6419  1.331    3  0.000  0.505     9.66     7.29     5.12     3.97     3.21  3 -1.03e-09      0.00 7.409e-01 2.575e-01 2.646e-04 9.161e-05 6.984e-04 -1.000 1.597e-03 -1.579 0.221 -0.331 -0.964 -1.339 -1.604 -2.162 -2.244
0.0015467 -1.00000 10.07918 0.8334333897 2.4298796025    0.816  2.585  3.6386  1.271    3  0.000  0.505    10.96     8.13     5.67     4.41     3.57  3 -1.23e-09      0.00 7.409e-01 2.575e-01 2.646e-04 9.161e-05 6.984e-04 -1.000 1.597e-03 -1.694 0.163 -0.404 -1.049 -1.433 -1.702 -2.269 -2.353
0.0015467 -1.00000 10.07918 0.8334506154 2.4298850852    0.815  2.623  3.6359  1.222    3  0.000  0.505    12.15     8.87     6.17     4.80     3.89  3 -1.42e-09      0.00 7.409e-01 2.575e-01 2.646e-04 9.162e-05 6.984e-04 -1.000 1.597e-03 -1.787 0.117 -0.462 -1.117 -1.509 -1.781 -2.356 -2.442
0.0015467 -1.00000 10.07918 0.8334693909 2.4298910609    0.814  2.667  3.6326  1.164    3  0.000  0.505    13.72     9.85     6.81     5.31     4.30  3 -1.67e-09      0.00 7.409e-01 2.575e-01 2.646e-04 9.162e-05 6.984e-04 -1.000 1.597e-03 -1.897 0.066 -0.527 -1.196 -1.596 -1.873 -2.457 -2.544
0.0015467 -1.00000 10.07918 0.8334872723 2.4298967517    0.812  2.712  3.6292  1.105    3  0.000  0.505    15.55    10.95     7.54     5.89     4.77  2 -1.99e-09      0.00 7.409e-01 2.575e-01 2.646e-04 9.163e-05 6.984e-04 -1.000 1.597e-03 -2.009 0.015 -0.593 -1.275 -1.685 -1.966 -2.561 -2.649
0.0015467 -1.00000 10.07918 0.8335042000 2.4299021387    0.810  2.758  3.6258  1.044    3  0.000  0.505    17.65    12.21     8.37     6.54     5.30  2 -2.37e-09      0.00 7.409e-01 2.575e-01 2.645e-04 9.163e-05 6.984e-04 -1.000 1.597e-03 -2.124 -0.035 -0.658 -1.355 -1.774 -2.059 -2.665 -2.756
0.0015467 -1.00000 10.07918 0.8335186839 2.4299067479    0.808  2.800  3.6225  0.988    3  0.000  0.505    19.88    13.51     9.22     7.22     5.85  2  -2.8e-09      0.00 7.409e-01 2.575e-01 2.645e-04 9.163e-05 6.984e-04 -1.000 1.597e-03 -2.229 -0.075 -0.714 -1.425 -1.853 -2.143 -2.760 -2.853
0.0015467 -1.00000 10.07918 0.8335325718 2.4299111672    0.806  2.843  3.6191  0.930    3  0.000  0.505    22.45    14.99    10.18     7.98     6.47  2  -3.3e-09      0.00 7.409e-01 2.575e-01 2.645e-04 9.164e-05 6.984e-04 -1.000 1.597e-03 -2.337 -0.110 -0.767 -1.494 -1.934 -2.229 -2.857 -2.952
0.0015467 -1.00000 10.07918 0.8335457444 2.4299153587    0.804  2.887  3.6157  0.871    3  0.000  0.505    25.41    16.67    11.26     8.84     7.17  2 -3.92e-09      0.00 7.409e-01 2.575e-01 2.645e-04 9.164e-05 6.984e-04 -1.000 1.597e-03 -2.447 -0.144 -0.819 -1.562 -2.014 -2.314 -2.956 -3.053
0.0015467 -1.00000 10.07918 0.8335576057 2.4299191328    0.801  2.929  3.6124  0.814    3  0.000  0.505    28.67    18.47    12.42     9.77     7.93  2 -4.63e-09      0.00 7.409e-01 2.575e-01 2.645e-04 9.164e-05 6.984e-04 -1.000 1.597e-03 -2.554 -0.176 -0.868 -1.627 -2.091 -2.396 -3.050 -3.150
0.0015467 -1.00000 10.07918 0.8335685134 2.4299226034    0.799  2.971  3.6090  0.757    3  0.000  0.505    32.31    20.45    13.69    10.79     8.75  1 -5.45e-09      0.00 7.409e-01 2.575e-01 2.645e-04 9.165e-05 6.984e-04 -1.000 1.597e-03 -2.659 -0.205 -0.915 -1.690 -2.165 -2.476 -3.143 -3.245
0.0015467 -1.00000 10.07918 0.8335788250 2.4299258842    0.796  3.014  3.6057  0.700    3  0.000  0.505    36.42    22.65    15.09    11.91     9.67  1 -6.42e-09      0.00 7.409e-01 2.575e-01 2.645e-04 9.165e-05 6.984e-04 -1.000 1.597e-03 -2.764 -0.231 -0.959 -1.750 -2.238 -2.554 -3.235 -3.339
0.0015467 -1.00000 10.07918 0.8335887194 2.4299290322    0.792  3.057  3.6023  0.642    3  0.000  0.505    41.18    25.14    16.67    13.18    10.70  1  -7.6e-09      0.00 7.409e-01 2.575e-01 2.645e-04 9.165e-05 6.984e-04 -1.000 1.597e-03 -2.871 -0.259 -1.004 -1.812 -2.313 -2.634 -3.330 -3.436
0.0015467 -1.00000 10.07918 0.8335973024 2.4299317630    0.789  3.097  3.5990  0.586    3  0.000  0.505    46.24    27.75    18.31    14.50    11.78  1  -8.9e-09      0.00 7.409e-01 2.575e-01 2.645e-04 9.165e-05 6.984e-04 -1.000 1.597e-03 -2.971 -0.278 -1.042 -1.866 -2.380 -2.706 -3.416 -3.525
0.0015467 -1.00000 10.07918 0.8336057067 2.4299344367    0.785  3.138  3.5957  0.529    3  0.000  0.505    52.12    30.72    20.18    16.01    13.00  1 -1.05e-08      0.00 7.409e-01 2.575e-01 2.645e-04 9.166e-05 6.984e-04 -1.000 1.597e-03 -3.075 -0.297 -1.079 -1.920 -2.448 -2.778 -3.505 -3.616
0.0015467 -1.00000 10.07918 0.8336136937 2.4299369777    0.780  3.180  3.5924  0.472    3  0.000  0.505    58.80    34.03    22.25    17.68    14.36  1 -1.24e-08      0.00 7.409e-01 2.575e-01 2.645e-04 9.166e-05 6.984e-04 -1.000 1.597e-03 -3.179 -0.310 -1.112 -1.971 -2.514 -2.850 -3.593 -3.707
0.0015467 -1.00000 10.07918 0.8336209655 2.4299392911    0.775  3.220  3.5890  0.416    3  0.000  0.505    66.18    37.61    24.48    19.48    15.83  1 -1.45e-08      0.00 7.409e-01 2.575e-01 2.645e-04 9.166e-05 6.984e-04 -1.000 1.597e-03 -3.279 -0.314 -1.138 -2.016 -2.574 -2.916 -3.678 -3.795
0.0015467 -1.00000 10.07918 0.8336276412 2.4299414148    0.770  3.259  3.5857  0.361    3  0.000  0.505    74.30    41.48    26.88    21.43    17.41  1  -1.7e-08      0.00 7.409e-01 2.575e-01 2.645e-04 9.166e-05 6.984e-04 -1.000 1.597e-03 -3.377 -0.314 -1.158 -2.055 -2.630 -2.978 -3.760 -3.880
0.0015467 -1.00000 10.07918 0.8336338997 2.4299434058    0.764  3.297  3.5825  0.306    3  0.000  0.505    83.25    45.66    29.45    23.52    19.12  0 -1.98e-08      0.00 7.409e-01 2.575e-01 2.645e-04 9.166e-05 6.984e-04 -1.000 1.597e-03 -3.472 -0.313 -1.178 -2.093 -2.684 -3.036 -3.838 -3.961
0.0015467 -1.00000 10.07918 0.8336400390 2.4299453587    0.757  3.334  3.5794  0.253    3  0.000  0.505    93.06    50.15    32.21    25.76    20.95  0  -2.3e-08      0.00 7.409e-01 2.575e-01 2.645e-04 9.166e-05 6.984e-04 -1.000 1.597e-03 -3.564 -0.311 -1.196 -2.129 -2.735 -3.093 -3.915 -4.041
0.0015467 -1.00000 10.07918 0.8336414099 2.4299457948    0.756  3.341  3.5787  0.242    3  0.000  0.505    95.28    51.16    32.82    26.26    21.35  0 -2.39e-08      0.00 7.409e-01 2.575e-01 2.645e-04 9.166e-05 6.984e-04 -1.000 1.597e-03 -3.583 -0.308 -1.197 -2.134 -2.744 -3.103 -3.930 -4.057
0.0015467 -1.00000 10.07918 0.8336414099 2.4299457948    0.756  1.726  3.7331  2.475    4  0.000  0.513     0.00     0.00     0.00     0.00     0.00 -1    -1e-30      0.00 7.390e-01 2.594e-01 2.699e-04 8.883e-05 7.035e-04 -1.000 1.566e-03 0.454 1.252 0.996 0.642 0.419 0.242 -0.144 -0.194
0.0015467 -1.00000 10.07918 0.8336932659 2.4299622896    0.756  1.742  3.7319  2.454    4  0.000  0.513     0.00     0.00     0.00     0.00     0.00 -1    -1e-30      0.00 7.390e-01 2.594e-01 2.699e-04 8.883e-05 7.035e-04 -1.000 1.566e-03 0.414 1.219 0.961 0.604 0.379 0.202 -0.187 -0.237
0.0015467 -1.00000 10.07918 0.8337424397 2.4299779290    0.756  1.745  3.7318  2.450    4  0.000  0.513     0.00     0.00     0.00     0.00     0.00 -1    -1e-30      0.00 7.390e-01 2.594e-01 2.699e-04 8.883e-05 7.035e-04 -1.000 1.566e-03 0.407 1.213 0.955 0.598 0.372 0.195 -0.194 -0.244
0.0015467 -1.00000 10.07918 0.8337910771 2.4299933957    0.756  1.747  3.7319  2.449    4  0.000  0.513     0.00     0.00     0.00     0.00     0.00 -1    -1e-30      0.00 7.390e-01 2.594e-01 2.699e-04 8.883e-05 7.035e-04 -1.000 1.566e-03 0.403 1.209 0.951 0.594 0.369 0.191 -0.197 -0.247
0.0015467 -1.00000 10.07918 0.8338413239 2.4300093720    0.756  1.747  3.7323  2.450    4  0.000  0.513     0.00     0.00     0.00     0.00     0.00 -1    -1e-30      0.00 7.390e-01 2.594e-01 2.699e-04 8.883e-05 7.035e-04 -1.000 1.566e-03 0.402 1.205 0.948 0.592 0.367 0.190 -0.198 -0.248
0.0015467 -1.00000 10.07918 0.8338914514 2.4300253081    0.756  1.747  3.7328  2.453    4  0.000  0.513     0.00     0.00     0.00     0.00     0.00 -1    -1e-30      0.00 7.390e-01 2.594e-01 2.699e-04 8.883e-05 7.035e-04 -1.000 1.566e-03 0.403 1.203 0.946 0.591 0.367 0.191 -0.196 -0.246
0.0015467 -1.00000 10.07918 0.8339421153 2.4300414126    0.756  1.746  3.7335  2.457    4  0.000  0.513     0.00     0.00     0.00     0.00     0.00 -1    -1e-30      0.00 7.390e-01 2.594e-01 2.699e-04 8.883e-05 7.035e-04 -1.000 1.566e-03 0.406 1.201 0.946 0.592 0.369 0.193 -0.193 -0.243
0.0015467 -1.00000 10.07918 0.8339924812 2.4300574201    0.756  1.744  3.7342  2.461    4  0.000  0.513     0.00     0.00     0.00     0.00     0.00 -1    -1e-30      0.00 7.390e-01 2.594e-01 2.699e-04 8.883e-05 7.035e-04 -1.000 1.566e-03 0.409 1.199 0.946 0.594 0.371 0.196 -0.189 -0.238
0.0015467 -1.00000 10.07918 0.8340433836 2.4300735959    0.756  1.743  3.7350  2.466    4  0.000  0.513     0.00     0.00     0.00     0.00     0.00 -1    -1e-30      0.00 7.390e-01 2.594e-01 2.699e-04 8.883e-05 7.035e-04 -1.000 1.566e-03 0.413 1.198 0.946 0.596 0.374 0.199 -0.184 -0.233
0.0015467 -1.00000 10.07918 0.8340952396 2.4300900723    0.756  1.741  3.7358  2.470    4  0.000  0.513     0.00     0.00     0.00     0.00     0.00 -1    -1e-30      0.00 7.390e-01 2.594e-01 2.699e-04 8.883e-05 7.035e-04 -1.000 1.566e-03 0.417 1.197 0.946 0.597 0.377 0.202 -0.180 -0.229
0.0015467 -1.00000 10.07918 0.8341479897 2.4301068304    0.756  1.740  3.7365  2.475    4  0.000  0.513     0.00     0.00     0.00     0.00     0.00 -1    -1e-30      0.00 7.390e-01 2.594e-01 2.699e-04 8.883e-05 7.035e-04 -1.000 1.566e-03 0.420 1.195 0.946 0.599 0.379 0.205 -0.176 -0.224
0.0015467 -1.00000 10.07918 0.8341957927 2.4301220148    0.756  1.739  3.7371  2.478    4  0.000  0.513     0.00     0.00     0.00     0.00     0.00 -1    -1e-30      0.00 7.390e-01 2.594e-01 2.699e-04 8.883e-05 7.035e-04 -1.000 1.566e-03 0.423 1.194 0.946 0.600 0.381 0.207 -0.172 -0.221
0.0015467 -1.00000 10.07918 0.8342489004 2.4301388819    0.756  1.738  3.7378  2.482    4  0.000  0.513     0.00     0.00     0.00     0.00     0.00 -1    -1e-30      0.00 7.390e-01 2.594e-01 2.699e-04 8.883e-05 7.035e-04 -1.000 1.566e-03 0.425 1.192 0.946 0.601 0.383 0.210 -0.169 -0.217
0.0015467 -1.00000 10.07918 0.8343002796 2.4301551976    0.756  1.737  3.7383  2.485    4  0.000  0.513     0.00     0.00     0.00     0.00     0.00 -1    -1e-30      0.00 7.390e-01 2.594e-01 2.699e-04 8.883e-05 7.035e-04 -1.000 1.566e-03 0.427 1.191 0.945 0.601 0.384 0.211 -0.167 -0.215
0.0015467 -1.00000 10.07918 0.8343504667 2.4301711325    0.757  1.737  3.7387  2.487    4  0.000  0.513     0.00     0.00     0.00     0.00     0.00 -1    -1e-30      0.00 7.390e-01 2.594e-01 2.699e-04 8.883e-05 7.035e-04 -1.000 1.566e-03 0.429 1.189 0.944 0.602 0.384 0.212 -0.165 -0.213
0.0015467 -1.00000 10.07918 0.8343560696 2.4301729114    0.757  1.736  3.7388  2.488    4  0.000  0.513     0.00     0.00     0.00     0.00     0.00 -1    -1e-30      0.00 7.390e-01 2.594e-01 2.699e-04 8.883e-05 7.035e-04 -1.000 1.566e-03 0.429 1.189 0.944 0.602 0.384 0.212 -0.165 -0.212
0.0015467 -1.00000 10.07918 0.8344008327 2.4301871220    0.757  1.736  3.7391  2.489    4  0.000  0.513     0.00     0.00     0.00     0.00     0.00 -1    -1e-30      0.00 7.390e-01 2.594e-01 2.699e-04 8.883e-05 7.035e-04 -1.000 1.566e-03 0.429 1.188 0.943 0.601 0.385 0.213 -0.164 -0.211
0.0015467 -1.00000 10.07918 0.8344483376 2.4302022012    0.757  1.736  3.7394  2.490    4  0.000  0.513     0.00     0.00     0.00     0.00     0.00 -1    -1e-30      0.00 7.390e-01 2.594e-01 2.699e-04 8.883e-05 7.035e-04 -1.000 1.566e-03 0.430 1.186 0.942 0.601 0.384 0.213 -0.163 -0.211
0.0015467 -1.00000 10.07918 0.8344985247 2.4302181296    0.757  1.736  3.7395  2.491    4  0.000  0.513     0.00     0.00     0.00     0.00     0.00 -1    -1e-30      0.00 7.390e-01 2.594e-01 2.699e-04 8.883e-05 7.035e-04 -1.000 1.566e-03 0.429 1.184 0.941 0.600 0.383 0.212 -0.164 -0.211
0.0015467 -1.00000 10.07918 0.8345457911 2.4302331291    0.757  1.737  3.7396  2.490    4  0.000  0.513     0.00     0.00     0.00     0.00     0.00 -1    -1e-30      0.00 7.390e-01 2.594e-01 2.699e-04 8.883e-05 7.035e-04 -1.000 1.566e-03 0.427 1.182 0.939 0.598 0.382 0.210 -0.165 -0.213
0.0015467 -1.00000 10.07918 0.8346000910 2.4302503581    0.757  1.738  3.7396  2.489    4  0.000  0.513     0.00     0.00     0.00     0.00     0.00 -1    -1e-30      0.00 7.390e-01 2.594e-01 2.699e-04 8.883e-05 7.035e-04 -1.000 1.566e-03 0.425 1.180 0.937 0.595 0.379 0.208 -0.168 -0.215
0.0015467 -1.00000 10.07918 0.8346500397 2.4302662043    0.757  1.739  3.7394  2.487    4  0.000  0.513     0.00     0.00     0.00     0.00     0.00 -1    -1e-30      0.00 7.390e-01 2.594e-01 2.699e-04 8.883e-05 7.035e-04 -1.000 1.566e-03 0.422 1.178 0.934 0.593 0.376 0.205 -0.171 -0.219
0.0015467 -1.00000 10.07918 0.8346990943 2.4302817646    0.757  1.741  3.7391  2.484    4  0.000  0.513     0.00     0.00     0.00     0.00     0.00 -1    -1e-30      0.00 7.390e-01 2.594e-01 2.699e-04 8.883e-05 7.035e-04 -1.000 1.566e-03 0.417 1.175 0.931 0.589 0.372 0.200 -0.176 -0.224
0.0015467 -1.00000 10.07918 0.8347226381 2.4302892321    0.757  1.742  3.7390  2.483    4  0.000  0.513     0.00     0.00     0.00     0.00     0.00 -1    -1e-30      0.00 7.390e-01 2.594e-01 2.699e-04 8.883e-05 7.035e-04 -1.000 1.566e-03 0.415 1.174 0.929 0.587 0.370 0.198 -0.178 -0.226
0.0015467 -1.00000 10.07918 0.8347440958 2.4302960375    0.757  1.743  3.7388  2.481    4  0.000  0.513     0.00     0.00     0.00     0.00     0.00 -1    -1e-30      0.00 7.390e-01 2.594e-01 2.699e-04 8.883e-05 7.035e-04 -1.000 1.566e-03 0.412 1.172 0.928 0.585 0.368 0.195 -0.181 -0.229
0.0015467 -1.00000 10.07918 0.8347889781 2.4303102708    0.757  1.745  3.7383  2.477    4  0.000  0.513     0.00     0.00     0.00     0.00     0.00 -1    -1e-30      0.00 7.390e-01 2.594e-01 2.699e-04 8.883e-05 7.035e-04 -1.000 1.566e-03 0.406 1.169 0.924 0.580 0.362 0.190 -0.188 -0.236
0.0015467 -1.00000 10.07918 0.8348339796 2.4303245401    0.757  1.748  3.7378  2.472    4  0.000  0.513     0.00     0.00     0.00     0.00     0.00 -1    -1e-30      0.00 7.390e-01 2.594e-01 2.699e-04 8.883e-05 7.035e-04 -1.000 1.566e-03 0.399 1.166 0.919 0.574 0.356 0.183 -0.196 -0.244
0.0015467 -1.00000 10.07918 0.8348793387 2.4303389211    0.757  1.751  3.7372  2.466    4  0.000  0.513     0.00     0.00     0.00     0.00     0.00 -1    -1e-30      0.00 7.390e-01 2.594e-01 2.699e-04 8.883e-05 7.035e-04 -1.000 1.566e-03 0.391 1.162 0.914 0.568 0.349 0.176 -0.204 -0.252
0.0015467 -1.00000 10.07918 0.8349251151 2.4303534324    0.757  1.755  3.7365  2.460    4  0.000  0.513     0.00     0.00     0.00     0.00     0.00 -1    -1e-30      0.00 7.390e-01 2.594e-01 2.699e-04 8.883e-05 7.035e-04 -1.000 1.566e-03 0.382 1.157 0.908 0.560 0.341 0.167 -0.214 -0.262
0.0015467 -1.00000 10.07918 0.8349692225 2.4303674130    0.757  1.759  3.7358  2.454    4  0.000  0.513     0.00     0.00     0.00     0.00     0.00 -1    -1e-30      0.00 7.390e-01 2.594e-01 2.699e-04 8.883e-05 7.035e-04 -1.000 1.566e-03 0.373 1.152 0.901 0.552 0.332 0.158 -0.224 -0.273
0.0015467 -1.00000 10.07918 0.8350135088 2.4303814486    0.757  1.764  3.7350  2.445    4  0.000  0.513     0.00     0.00     0.00     0.00     0.00 -1    -1e-30      0.00 7.390e-01 2.594e-01 2.699e-04 8.883e-05 7.035e-04 -1.000 1.566e-03 0.360 1.145 0.893 0.542 0.321 0.146 -0.238 -0.287
0.0015467 -1.00000 10.07918 0.8350581527 2.4303955958    0.757  1.769  3.7342  2.437    4  0.000  0.513     0.00     0.00     0.00     0.00     0.00 -1    -1e-30      0.00 7.390e-01 2.594e-01 2.699e-04 8.883e-05 7.035e-04 -1.000 1.566e-03 0.348 1.138 0.884 0.532 0.309 0.134 -0.251 -0.300
0.0015467 -1.00000 10.07918 0.8351025581 2.4304096657    0.757  1.775  3.7331  2.426    4  0.000  0.513     0.00     0.00     0.00     0.00     0.00 -1    -1e-30      0.00 7.390e-01 2.594e-01 2.699e-04 8.883e-05 7.035e-04 -1.000 1.566e-03 0.332 1.129 0.873 0.518 0.295 0.118 -0.268 -0.318
0.0015467 -1.00000 10.07918 0.8351480365 2.4304240738    0.757  1.784  3.7316  2.412    4  0.000  0.513     0.00     0.00     0.00     0.00     0.00 -1    -1e-30      0.00 7.390e-01 2.594e-01 2.699e-04 8.883e-05 7.035e-04 -1.000 1.566e-03 0.310 1.117 0.858 0.500 0.275 0.097 -0.292 -0.342
0.0015467 -1.00000 10.07918 0.8351922035 2.4304380647    0.757  1.790  3.7305  2.401    4  0.000  0.513     0.00     0.00     0.00     0.00     0.00 -1    -1e-30      0.00 7.390e-01 2.594e-01 2.699e-04 8.883e-05 7.035e-04 -1.000 1.566e-03 0.294 1.108 0.847 0.487 0.260 0.082 -0.309 -0.359
0.0015467 -1.00000 10.07918 0.8352389336 2.4304528656    0.758  1.806  3.7282  2.376    4  0.000  0.513     0.00     0.00     0.00     0.00     0.00 -1    -1e-30      0.00 7.390e-01 2.594e-01 2.699e-04 8.883e-05 7.035e-04 -1.000 1.566e-03 0.255 1.085 0.819 0.454 0.224 0.044 -0.351 -0.402
0.0015467 -1.00000 10.07918 0.8352835178 2.4304669851    0.758  1.831  3.7246  2.337    4  0.000  0.513     0.00     0.00     0.00     0.00     0.00 -1    -1e-30      0.00 7.390e-01 2.594e-01 2.699e-04 8.883e-05 7.035e-04 -1.000 1.566e-03 0.192 1.046 0.773 0.401 0.167 -0.016 -0.417 -0.469
0.0015467 -1.00000 10.07918 0.8353165984 2.4304774604    0.758  1.867  3.7199  2.282    4  0.000  0.513     0.00     0.00     0.00     0.00     0.00 -1    -1e-30      0.00 7.390e-01 2.594e-01 2.699e-04 8.883e-05 7.035e-04 -1.000 1.566e-03 0.103 0.991 0.708 0.325 0.086 -0.101 -0.510 -0.564
0.0015467 -1.00000 10.07918 0.8353327513 2.4304825750    0.758  1.903  3.7152  2.227    4  0.000  0.513     0.00     0.00     0.00     0.00     0.00 -1    -1e-30      0.00 7.390e-01 2.594e-01 2.699e-04 8.883e-05 7.035e-04 -1.000 1.566e-03 0.012 0.935 0.642 0.249 0.003 -0.187 -0.605 -0.660
0.0015467 -1.00000 10.07918 0.8353396654 2.4304847642    0.758  1.938  3.7109  2.175    4  0.000  0.513     0.00     0.00     0.00     0.00     0.00 -1    -1e-30      0.00 7.390e-01 2.594e-01 2.699e-04 8.883e-05 7.035e-04 -1.000 1.566e-03 -0.076 0.881 0.577 0.175 -0.076 -0.270 -0.695 -0.752
0.0015467 -1.00000 10.07918 0.8353431225 2.4304858588    0.758  1.975  3.7067  2.121    4  0.000  0.513     0.00     0.00     0.00     0.00     0.00 -1    -1e-30      0.00 7.390e-01 2.594e-01 2.699e-04 8.883e-05 7.035e-04 -1.000 1.566e-03 -0.167 0.824 0.511 0.099 -0.158 -0.355 -0.788 -0.846
0.0015467 -1.00000 10.07918 0.8353448510 2.4304864061    0.758  2.009  3.7028  2.072    4  0.000  0.513     0.00     0.00     0.00     0.00     0.00 -1    -1e-30      0.00 7.390e-01 2.594e-01 2.699e-04 8.883e-05 7.035e-04 -1.000 1.566e-03 -0.252 0.771 0.449 0.028 -0.234 -0.434 -0.874 -0.933
0.0015467 -1.00000 10.07918 0.8353459239 2.4304867458    0.758  2.040  3.6995  2.027    4  0.000  0.513     0.00     0.00     0.00     0.00     0.00 -1    -1e-30      0.00 7.390e-01 2.594e-01 2.699e-04 8.883e-05 7.035e-04 -1.000 1.566e-03 -0.330 0.720 0.391 -0.039 -0.305 -0.508 -0.954 -1.014
0.0015467 -1.00000 10.07918 0.8353461623 2.4304868213    0.758  2.050  3.6985  2.014    7  0.000  0.513     0.00     0.00     0.00     0.00     0.00 -1    -1e-09      0.00 7.390e-01 2.578e-01 2.699e-04 8.883e-05 7.035e-04 -1.000 3.229e-03 -0.354 0.705 0.373 -0.058 -0.326 -0.530 -0.978 -1.038
0.0015467 -1.00000 10.07918 0.8353470564 2.4304871043    0.758  2.090  3.6946  1.958    7  0.000  0.513     0.00     0.00     0.00     0.00     0.00 -1 -1.28e-09      0.00 7.390e-01 2.578e-01 2.699e-04 8.883e-05 7.035e-04 -1.000 3.229e-03 -0.455 0.641 0.299 -0.143 -0.416 -0.623 -1.079 -1.141
0.0015467 -1.00000 10.07918 0.8353478909 2.4304873685    0.758  2.128  3.6909  1.905    7  0.000  0.513     0.00     0.00     0.00     0.00     0.00 -1 -1.57e-09      0.00 7.390e-01 2.578e-01 2.699e-04 8.883e-05 7.035e-04 -1.000 3.229e-03 -0.550 0.579 0.228 -0.222 -0.501 -0.712 -1.174 -1.238
0.0015467 -1.00000 10.07918 0.8353486061 2.4304875950    0.757  2.162  3.6876  1.858    7  0.000  0.513     0.00     0.00     0.00     0.00     0.00 -1 -1.91e-09      0.00 7.390e-01 2.578e-01 2.699e-04 8.883e-05 7.035e-04 -1.000 3.229e-03 -0.636 0.526 0.166 -0.293 -0.577 -0.790 -1.259 -1.324
0.0015467 -1.00000 10.07918 0.8353495002 2.4304878781    0.757  2.191  3.6849  1.817    7  0.000  0.513     0.00     0.00     0.00     0.00     0.00 -1 -2.27e-09      0.00 7.390e-01 2.578e-01 2.699e-04 8.883e-05 7.035e-04 -1.000 3.229e-03 -0.709 0.481 0.113 -0.354 -0.642 -0.858 -1.332 -1.398
0.0015467 -1.00000 10.07918 0.8353508711 2.4304883121    0.757  2.209  3.6833  1.793    7  0.000  0.513     0.00     0.00     0.00     0.00     0.00 -1 -2.52e-09      0.00 7.390e-01 2.578e-01 2.699e-04 8.883e-05 7.035e-04 -1.000 3.229e-03 -0.753 0.455 0.081 -0.392 -0.683 -0.901 -1.377 -1.443
0.0015467 -1.00000 10.07918 0.8353526592 2.4304888783    0.757  2.181  3.6860  1.832    7  0.000  0.513     0.00     0.00     0.00     0.00     0.00 -1 -2.13e-09      0.00 7.390e-01 2.578e-01 2.699e-04 8.883e-05 7.035e-04 -1.000 3.229e-03 -0.682 0.496 0.132 -0.332 -0.618 -0.833 -1.305 -1.370
0.0015467 -1.00000 10.07918 0.8353548646 2.4304895765    0.757  2.156  3.6883  1.866    7  0.000  0.513     0.00     0.00     0.00     0.00     0.00 -1 -1.87e-09      0.00 7.390e-01 2.578e-01 2.699e-04 8.883e-05 7.035e-04 -1.000 3.229e-03 -0.621 0.534 0.176 -0.282 -0.564 -0.777 -1.245 -1.310
0.0015467 -1.00000 10.07918 0.8353632092 2.4304922185    0.756  2.132  3.6906  1.899    7  0.000  0.513     0.00     0.00     0.00     0.00     0.00 -1 -1.62e-09      0.00 7.390e-01 2.578e-01 2.699e-04 8.883e-05 7.035e-04 -1.000 3.229e-03 -0.559 0.573 0.221 -0.231 -0.510 -0.721 -1.184 -1.247
0.0015467 -1.00000 10.07918 0.8353891373 2.4305004271    0.754  2.164  3.6874  1.853    7  0.000  0.513     0.00     0.00     0.00     0.00     0.00 -1 -1.97e-09      0.00 7.390e-01 2.578e-01 2.699e-04 8.883e-05 7.035e-04 -1.000 3.229e-03 -0.640 0.523 0.163 -0.297 -0.581 -0.795 -1.264 -1.329
0.0015467 -1.00000 10.07918 0.8354054689 2.4305055973    0.752  2.203  3.6837  1.798    7  0.000  0.513     0.00     0.00     0.00     0.00     0.00 -1 -2.48e-09      0.00 7.390e-01 2.578e-01 2.699e-04 8.883e-05 7.035e-04 -1.000 3.229e-03 -0.737 0.467 0.094 -0.378 -0.668 -0.885 -1.361 -1.427
0.0015467 -1.00000 10.07918 0.8354237676 2.4305113899    0.749  2.251  3.6792  1.731    7  0.000  0.513     0.00     0.00     0.00     0.00     0.00 -1 -3.28e-09      0.00 7.390e-01 2.578e-01 2.699e-04 8.883e-05 7.035e-04 -1.000 3.229e-03 -0.857 0.402 0.010 -0.480 -0.778 -1.000 -1.483 -1.550
0.0015467 -1.00000 10.07918 0.8354403973 2.4305166540    0.746  2.295  3.6752  1.668    7  0.000  0.513     0.00     0.00     0.00     0.00     0.00 -1 -4.29e-09      0.00 7.390e-01 2.578e-01 2.699e-04 8.883e-05 7.035e-04 -1.000 3.229e-03 -0.969 0.344 -0.066 -0.573 -0.879 -1.106 -1.595 -1.664
0.0015467 -1.00000 10.07918 0.8354548216 2.4305212197    0.743  2.338  3.6714  1.609    7  0.000  0.513     0.00     0.00     0.00     0.00     0.00 -1 -5.49e-09      0.00 7.390e-01 2.578e-01 2.699e-04 8.883e-05 7.035e-04 -1.000 3.229e-03 -1.074 0.291 -0.137 -0.660 -0.974 -1.206 -1.701 -1.771
0.0015467 -1.00000 10.07918 0.8354675174 2.4305252381    0.739  2.379  3.6678  1.550    7  0.000  0.513     0.00     0.00     0.00     0.00     0.00 -1 -7.06e-09      0.00 7.390e-01 2.578e-01 2.699e-04 8.883e-05 7.035e-04 -1.000 3.217e-03 -1.178 0.242 -0.205 -0.745 -1.066 -1.302 -1.804 -1.875
0.0015467 -1.00000 10.07918 0.8354786634 2.4305287660    0.734  2.420  3.6641  1.492    7  0.000  0.513     0.00     0.00     0.00     0.00     0.00 -1 -8.97e-09      0.00 7.390e-01 2.579e-01 2.698e-04 8.884e-05 7.035e-04 -1.000 3.143e-03 -1.280 0.196 -0.270 -0.826 -1.156 -1.397 -1.905 -1.977
0.0015467 -1.00000 10.07918 0.8354884982 2.4305318787    0.729  2.460  3.6606  1.435    7  0.000  0.512     0.00     0.00     0.00     0.00     0.00 -1 -1.14e-08      0.00 7.390e-01 2.579e-01 2.697e-04 8.885e-05 7.035e-04 -1.000 3.129e-03 -1.381 0.156 -0.331 -0.905 -1.243 -1.489 -2.004 -2.077
0.0015467 -1.00000 10.07918 0.8354973793 2.4305346894    0.724  2.500  3.6570  1.377    7  0.000  0.512     8.42     6.50     4.57     3.55     2.87  3 -1.44e-08      0.00 7.390e-01 2.579e-01 2.694e-04 8.898e-05 7.035e-04 -1.000 3.117e-03 -1.481 0.118 -0.389 -0.980 -1.327 -1.577 -2.100 -2.175
0.0015467 -1.00000 10.07918 0.8355054855 2.4305372549    0.717  2.541  3.6534  1.319    7  0.000  0.509     9.51     7.21     5.04     3.93     3.18  3 -1.84e-08      0.00 7.390e-01 2.580e-01 2.683e-04 8.961e-05 7.035e-04 -1.000 3.041e-03 -1.581 0.075 -0.448 -1.053 -1.408 -1.662 -2.194 -2.270
0.0015467 -1.00000 10.07918 0.8355129361 2.4305396129    0.709  2.581  3.6485  1.254    7  0.000  0.505    10.88     8.08     5.62     4.39     3.55  2 -2.38e-08      0.00 7.390e-01 2.580e-01 2.660e-04 9.176e-05 7.035e-04 -1.000 3.029e-03 -1.681 0.051 -0.492 -1.114 -1.480 -1.741 -2.284 -2.363
0.0015467 -1.00000 10.07918 0.8355182409 2.4305412917    0.702  2.611  3.6404  1.187    7  0.000  0.499    12.51     9.09     6.29     4.92     3.98  2  -2.9e-08      0.00 7.390e-01 2.580e-01 2.633e-04 9.475e-05 7.035e-04 -1.000 3.020e-03 -1.757 0.096 -0.476 -1.123 -1.507 -1.776 -2.340 -2.423
0.0015467 -1.00000 10.07918 0.8355247378 2.4305433477    0.691  2.651  3.6369  1.127    7  0.000  0.491    14.17    10.10     6.95     5.45     4.41  2 -3.72e-08      0.00 7.390e-01 2.580e-01 2.593e-04 9.960e-05 7.035e-04 -1.000 2.994e-03 -1.856 0.057 -0.530 -1.191 -1.584 -1.857 -2.431 -2.516
0.0015467 -1.00000 10.07918 0.8355310559 2.4305453472    0.678  2.690  3.6334  1.065    7  0.000  0.484    16.10    11.25     7.70     6.05     4.90  2 -4.87e-08      0.00 7.390e-01 2.581e-01 2.556e-04 1.041e-04 7.035e-04 -1.000 2.932e-03 -1.956 0.020 -0.582 -1.257 -1.659 -1.937 -2.521 -2.608
0.0015467 -1.00000 10.07918 0.8355371356 2.4305472711    0.661  2.730  3.6301  1.000    7  0.000  0.478    18.35    12.55     8.55     6.73     5.45  2 -6.44e-08      0.00 7.389e-01 2.581e-01 2.523e-04 1.081e-04 7.035e-04 -1.000 2.992e-03 -2.055 -0.016 -0.635 -1.324 -1.735 -2.017 -2.612 -2.700
0.0015467 -1.00000 10.07918 0.8355429769 2.4305491196    0.639  2.770  3.6269  0.933    7  0.000  0.472    21.03    14.05     9.52     7.52     6.09  1 -8.76e-08      0.00 7.389e-01 2.581e-01 2.495e-04 1.116e-04 7.035e-04 -1.000 2.968e-03 -2.154 -0.043 -0.680 -1.386 -1.809 -2.096 -2.702 -2.792
0.0015467 -1.00000 10.07918 0.8355481625 2.4305507605    0.612  2.809  3.6247  0.867    7  0.000  0.467    24.01    15.66    10.55     8.36     6.77  1 -1.21e-07      0.00 7.389e-01 2.582e-01 2.469e-04 1.147e-04 7.035e-04 -1.000 2.901e-03 -2.252 -0.083 -0.736 -1.456 -1.887 -2.179 -2.793 -2.885
0.0015467 -1.00000 10.07918 0.8355530500 2.4305523072    0.577  2.849  3.6247  0.801    7  0.000  0.463    27.33    17.38    11.64     9.26     7.49  1 -1.74e-07      0.00 7.388e-01 2.582e-01 2.448e-04 1.173e-04 7.034e-04 -1.000 2.929e-03 -2.352 -0.156 -0.820 -1.548 -1.984 -2.277 -2.895 -2.987
0.0015467 -1.00000 10.07918 0.8355567455 2.4305534766    0.538  2.887  3.6330  0.766    7  0.000  0.460    29.07    18.19    12.13     9.68     7.83  1 -2.53e-07      0.00 7.388e-01 2.583e-01 2.430e-04 1.195e-04 7.034e-04 -1.000 2.899e-03 -2.448 -0.362 -1.008 -1.719 -2.138 -2.425 -3.021 -3.108
0.0015467 -1.00000 10.07918 0.8355582356 2.4305539481    0.508  2.905  3.6553  0.812    7  0.000  0.458    26.00    16.49    11.03     8.81     7.12  1 -2.91e-07      0.00 7.388e-01 2.583e-01 2.418e-04 1.210e-04 7.033e-04 -1.000 2.921e-03 -2.492 -0.730 -1.304 -1.949 -2.321 -2.586 -3.127 -3.202
0.0015467 -1.00000 10.07918 1.0965409279 2.4910964848    0.544 -9.999  3.5913  7.955    9  0.545  0.000     0.00     0.00     0.00     0.00     0.00 -1    -1e-30      0.00 7.252e-01 2.732e-01 2.244e-04 1.654e-04 7.173e-04 -1.000 1.584e-03 29.767 32.152 31.620 30.842 30.299 29.957 29.135 29.022
#isochrone terminated
